CLIQUE	DEPTH	OBS	LOG_OBS	LOG_EXP	LOG_ODD
AA	-inf,5.25	91999	-4.85192597746	-5.25953263631	0.40760665885
AC	-inf,5.25	18093	-6.47817856174	-6.49694152067	0.0187629589259
AD	-inf,5.25	125699	-4.53981352477	-4.60121676005	0.0614032352852
AE	-inf,5.25	125367	-4.54245824921	-4.38664846629	-0.15580978292
AF	-inf,5.25	39061	-5.70857915812	-5.47452571901	-0.234053439117
AG	-inf,5.25	145265	-4.39514402426	-4.54162027557	0.146476251311
AH	-inf,5.25	36790	-5.76847761577	-5.56610167058	-0.202375945189
AI	-inf,5.25	69979	-5.12550848784	-5.11313231891	-0.0123761689279
AK	-inf,5.25	96628	-4.80283513059	-4.56076760456	-0.242067526028
AL	-inf,5.25	134267	-4.47387333009	-4.59816512816	0.12429179807
AM	-inf,5.25	36396	-5.77924480639	-5.8948196232	0.115574816815
AN	-inf,5.25	81079	-4.97827969687	-4.94894749674	-0.0293322001354
AP	-inf,5.25	93238	-4.83854832097	-4.9485522132	0.110003892236
AQ	-inf,5.25	75455	-5.05016723281	-5.02903111721	-0.0211361155968
AR	-inf,5.25	85037	-4.93061722899	-4.71822528252	-0.212391946467
AS	-inf,5.25	130059	-4.50571549123	-4.64965471475	0.143939223518
AT	-inf,5.25	101812	-4.75057570952	-4.77751692802	0.0269412184985
AV	-inf,5.25	99285	-4.77570918264	-4.83781401784	0.0621048351976
AW	-inf,5.25	13777	-6.75070314982	-6.41381571042	-0.336887439404
AY	-inf,5.25	38960	-5.71116820611	-5.3750215736	-0.336146632512
CC	-inf,5.25	9274	-7.14648889891	-9.12066815848	1.97417925956
CD	-inf,5.25	17309	-6.52247708744	-6.5317757885	0.00929870105888
CE	-inf,5.25	15289	-6.6465700693	-6.31720749473	-0.329362574569
CF	-inf,5.25	5747	-7.62502570536	-7.40508474745	-0.219940957906
CG	-inf,5.25	23308	-6.2249070356	-6.47217930401	0.247272268413
CH	-inf,5.25	7872	-7.31039152513	-7.49666069902	0.186269173889
CI	-inf,5.25	9917	-7.07945322868	-7.04369134736	-0.0357618813198
CK	-inf,5.25	14435	-6.70404787177	-6.49132663301	-0.21272123876
CL	-inf,5.25	15059	-6.66172786578	-6.5287241566	-0.133003709176
CM	-inf,5.25	4508	-7.8678500887	-7.82537865165	-0.0424714370571
CN	-inf,5.25	13675	-6.75813433657	-6.87950652518	0.121372188607
CP	-inf,5.25	16536	-6.5681638625	-6.87911124165	0.310947379144
CQ	-inf,5.25	9903	-7.08086594334	-6.95959014566	-0.121275797684
CR	-inf,5.25	12146	-6.87670378741	-6.64878431096	-0.227919476442
CS	-inf,5.25	22608	-6.25539985894	-6.58021374319	0.324813884252
CT	-inf,5.25	14535	-6.69714415087	-6.70807595646	0.010931805592
CV	-inf,5.25	12610	-6.83921353491	-6.76837304629	-0.0708404886201
CW	-inf,5.25	2614	-8.41282206968	-8.34437473886	-0.0684473308199
CY	-inf,5.25	7309	-7.38459721938	-7.30558060204	-0.0790166173436
DD	-inf,5.25	53665	-5.39094266495	-5.32920127701	-0.0617413879389
DE	-inf,5.25	118201	-4.60131711971	-4.42148273412	-0.179834385593
DF	-inf,5.25	43327	-5.60492768762	-5.50935998683	-0.0955677007907
DG	-inf,5.25	119919	-4.58688717001	-4.57645454339	-0.01043262662
DH	-inf,5.25	47191	-5.51950048844	-5.6009359384	0.0814354499643
DI	-inf,5.25	70838	-5.113308105	-5.14796658674	0.0346584817366
DK	-inf,5.25	153592	-4.33940394886	-4.59560187239	0.256197923531
DL	-inf,5.25	113912	-4.6382774644	-4.63299939598	-0.0052780684209
DM	-inf,5.25	32462	-5.8936335104	-5.92965389103	0.0360203806295
DN	-inf,5.25	90423	-4.86920502507	-4.98378176456	0.114576739497
DP	-inf,5.25	84733	-4.93419854871	-4.98338648103	0.0491879323153
DQ	-inf,5.25	75900	-5.04428700048	-5.06386538504	0.01957838456
DR	-inf,5.25	126108	-4.53656500221	-4.75305955035	0.216494548136
DS	-inf,5.25	120682	-4.58054469797	-4.68448898257	0.103944284599
DT	-inf,5.25	102849	-4.74044179173	-4.81235119584	0.0719094041167
DV	-inf,5.25	90176	-4.87194036861	-4.87264828567	0.000707917060563
DW	-inf,5.25	16614	-6.56345797147	-6.44864997824	-0.114807993224
DY	-inf,5.25	55175	-5.36319373274	-5.40985584142	0.0466621086822
EE	-inf,5.25	78421	-5.01161193625	-4.90006409691	-0.111547839338
EF	-inf,5.25	49007	-5.48174053983	-5.29479169307	-0.186948846762
EG	-inf,5.25	107208	-4.69893281216	-4.36188624963	-0.337046562531
EH	-inf,5.25	52187	-5.41887026316	-5.38636764464	-0.032502618515
EI	-inf,5.25	83474	-4.94916847876	-4.93339829298	-0.0157701857814
EK	-inf,5.25	203397	-4.05854395064	-4.38103357863	0.322489627988
EL	-inf,5.25	136147	-4.45996850053	-4.41843110222	-0.0415373983055
EM	-inf,5.25	38208	-5.73065876711	-5.71508559727	-0.0155731698454
EN	-inf,5.25	95575	-4.8137924053	-4.7692134708	-0.0445789344993
EP	-inf,5.25	87521	-4.90182492031	-4.76881818727	-0.133006733048
EQ	-inf,5.25	88962	-4.88549437262	-4.84929709128	-0.0361972813398
ER	-inf,5.25	172260	-4.22469872152	-4.53849125658	0.313792535063
ES	-inf,5.25	120206	-4.58449674722	-4.46992068881	-0.11457605841
ET	-inf,5.25	111051	-4.66371412963	-4.59778290208	-0.0659312275471
EV	-inf,5.25	101309	-4.75552843256	-4.6580799919	-0.0974484406548
EW	-inf,5.25	19805	-6.38776925381	-6.23408168448	-0.153687569329
EY	-inf,5.25	60226	-5.27559953212	-5.19528754766	-0.0803119844595
FF	-inf,5.25	11211	-6.95680824571	-7.07582347504	0.119015229334
FG	-inf,5.25	40540	-5.67141454386	-5.44976350235	-0.221651041509
FH	-inf,5.25	17293	-6.52340188954	-6.47424489736	-0.0491569921823
FI	-inf,5.25	28584	-6.02085656416	-6.02127554569	0.000418981532199
FK	-inf,5.25	43411	-5.60299081967	-5.46891083134	-0.134079988327
FL	-inf,5.25	48052	-5.50141992702	-5.50630835494	0.0048884279132
FM	-inf,5.25	15353	-6.64239279021	-6.80296284998	0.160570059777
FN	-inf,5.25	30544	-5.9545354179	-5.85709072352	-0.0974446943826
FP	-inf,5.25	34557	-5.83109355027	-5.85669543998	0.0256018897123
FQ	-inf,5.25	28796	-6.01346719627	-5.93717434399	-0.0762928522809
FR	-inf,5.25	37086	-5.76046414498	-5.6263685093	-0.134095635677
FS	-inf,5.25	42311	-5.62865658535	-5.55779794153	-0.0708586438277
FT	-inf,5.25	37076	-5.76073382487	-5.6856601548	-0.0750736700704
FV	-inf,5.25	36621	-5.77308183853	-5.74595724462	-0.0271245939062
FW	-inf,5.25	7732	-7.32833612354	-7.32195893719	-0.00637718634094
FY	-inf,5.25	24176	-6.18834327935	-6.28316480037	0.0948215210234
GG	-inf,5.25	66751	-5.17273440644	-5.21000813051	0.0372737240699
GH	-inf,5.25	38487	-5.72338316295	-5.54133945392	-0.182043709027
GI	-inf,5.25	67976	-5.15454898318	-5.08837010226	-0.0661788809241
GK	-inf,5.25	99443	-4.77411906919	-4.53600538791	-0.238113681283
GL	-inf,5.25	113865	-4.63869014875	-4.5734029115	-0.0652872372456
GM	-inf,5.25	32987	-5.87759014042	-5.87005740655	-0.00753273387816
GN	-inf,5.25	84635	-4.93535579224	-4.92418528008	-0.0111705121614
GP	-inf,5.25	94322	-4.82698922447	-4.92378999655	0.0968007720781
GQ	-inf,5.25	63003	-5.23052134058	-5.00426890056	-0.226252440019
GR	-inf,5.25	76030	-5.04257568564	-4.69346306586	-0.349112619778
GS	-inf,5.25	138559	-4.44240745718	-4.62489249809	0.182485040907
GT	-inf,5.25	107899	-4.6925080805	-4.75275471136	0.0602466308601
GV	-inf,5.25	97833	-4.79044174144	-4.81305180118	0.0226100597407
GW	-inf,5.25	14663	-6.68837637089	-6.38905349376	-0.299322877129
GY	-inf,5.25	48486	-5.4924285884	-5.35025935694	-0.142169231464
HH	-inf,5.25	16173	-6.59036049974	-7.25897608293	0.668615583185
HI	-inf,5.25	23770	-6.20527940351	-6.11285149726	-0.0924279062461
HK	-inf,5.25	36139	-5.78633107027	-5.56048678291	-0.225844287359
HL	-inf,5.25	41544	-5.64695057834	-5.59788430651	-0.0490662718332
HM	-inf,5.25	13254	-6.78940429122	-6.89453880155	0.105134510337
HN	-inf,5.25	28648	-6.01862005219	-5.94866667509	-0.0699533770991
HP	-inf,5.25	31832	-5.91323161176	-5.94827139155	0.0350397797952
HQ	-inf,5.25	27702	-6.05219907213	-6.02875029556	-0.0234487765643
HR	-inf,5.25	33744	-5.85490106115	-5.71794446087	-0.136956600275
HS	-inf,5.25	39229	-5.70428741568	-5.6493738931	-0.0549135225834
HT	-inf,5.25	34967	-5.8192989253	-5.77723610637	-0.042062818936
HV	-inf,5.25	30230	-5.96486887609	-5.83753319619	-0.1273356799
HW	-inf,5.25	7250	-7.39270221602	-7.41353488877	0.0208326727503
HY	-inf,5.25	21168	-6.32121307751	-6.37474075195	0.0535276744364
II	-inf,5.25	26479	-6.09735171888	-6.35303444603	0.255682727153
IK	-inf,5.25	75701	-5.04691231449	-5.10751743125	0.0606051167641
IL	-inf,5.25	77846	-5.01897116878	-5.14491495484	0.125943786061
IM	-inf,5.25	22033	-6.2811623554	-6.44156944989	0.16040709449
IN	-inf,5.25	55979	-5.34872706448	-5.49569732342	0.146970258947
IP	-inf,5.25	54414	-5.37708221119	-5.49530203989	0.118219828701
IQ	-inf,5.25	43340	-5.60462768877	-5.5757809439	-0.0288467448718
IR	-inf,5.25	51379	-5.43447415622	-5.26497510921	-0.169499047008
IS	-inf,5.25	70175	-5.12271156263	-5.19640454144	0.073692978801
IT	-inf,5.25	60754	-5.26687076121	-5.32426675471	0.0573959934984
IV	-inf,5.25	57837	-5.3160749756	-5.38456384453	0.0684888689314
IW	-inf,5.25	8515	-7.23187437077	-6.9605655371	-0.271308833664
IY	-inf,5.25	32137	-5.90369567056	-5.92177140028	0.0180757297234
KK	-inf,5.25	56752	-5.33501278685	-5.24830284439	-0.0867099424639
KL	-inf,5.25	114122	-4.63643563328	-4.59255024049	-0.0438853927852
KM	-inf,5.25	31752	-5.9157479694	-5.88920473554	-0.0265432338618
KN	-inf,5.25	90434	-4.869083382	-4.94333260907	0.0742492270738
KP	-inf,5.25	66434	-5.17749471126	-4.94293732554	-0.23455738572
KQ	-inf,5.25	72542	-5.08953798041	-5.02341622955	-0.0661217508608
KR	-inf,5.25	68764	-5.1430233327	-4.71261039486	-0.430412937846
KS	-inf,5.25	101944	-4.74928004197	-4.64403982708	-0.105240214888
KT	-inf,5.25	92902	-4.84215851077	-4.77190204036	-0.0702564704134
KV	-inf,5.25	85901	-4.92050821452	-4.83219913018	-0.0883090843388
KW	-inf,5.25	17179	-6.53001597724	-6.40820082275	-0.121815154486
KY	-inf,5.25	58455	-5.30544645742	-5.36940668593	0.063960228509
LL	-inf,5.25	72606	-5.08865612184	-5.32309800387	0.234441882031
LM	-inf,5.25	36488	-5.77672024547	-5.92660225913	0.149882013661
LN	-inf,5.25	82081	-4.9659971203	-4.98073013267	0.014733012369
LP	-inf,5.25	97120	-4.79775635757	-4.98033484913	0.182578491562
LQ	-inf,5.25	81073	-4.97835370151	-5.06081375314	0.0824600516352
LR	-inf,5.25	94583	-4.82422592899	-4.75000791845	-0.0742180105392
LS	-inf,5.25	119963	-4.58652032298	-4.68143735068	0.0949170277003
LT	-inf,5.25	97947	-4.78927716883	-4.80929956395	0.0200223951171
LV	-inf,5.25	97999	-4.78874641035	-4.86959665377	0.0808502434258
LW	-inf,5.25	15547	-6.62983599091	-6.44559834635	-0.184237644569
LY	-inf,5.25	50760	-5.44659504204	-5.40680420953	-0.0397908325099
MM	-inf,5.25	6294	-7.53410688624	-7.91641512249	0.382308236247
MN	-inf,5.25	24674	-6.16795362723	-6.27738462771	0.10943100048
MP	-inf,5.25	24572	-6.17209610158	-6.27698934418	0.104893242599
MQ	-inf,5.25	21736	-6.29473381276	-6.35746824819	0.0627344354332
MR	-inf,5.25	24807	-6.16257781347	-6.0466624135	-0.115915399977
MS	-inf,5.25	32761	-5.88446490133	-5.97809184572	0.0936269443918
MT	-inf,5.25	26947	-6.07983171098	-6.105954059	0.0261223480178
MV	-inf,5.25	26115	-6.11119382299	-6.16625114882	0.0550573258234
MW	-inf,5.25	4727	-7.82041293307	-7.74225284139	-0.0781600916788
MY	-inf,5.25	15093	-6.6594726247	-6.70345870457	0.0439860798674
NN	-inf,5.25	40876	-5.66316059113	-6.02466402645	0.361503435318
NP	-inf,5.25	61857	-5.24887841541	-5.33111721771	0.0822388023063
NQ	-inf,5.25	56155	-5.34558796047	-5.41159612172	0.0660081612579
NR	-inf,5.25	60495	-5.27114296789	-5.10079028703	-0.170352680858
NS	-inf,5.25	86476	-4.91383676609	-5.03221971926	0.118382953168
NT	-inf,5.25	75906	-5.04420795222	-5.16008193253	0.115873980307
NV	-inf,5.25	63589	-5.22126318547	-5.22037902235	-0.000884163118534
NW	-inf,5.25	12071	-6.88289780316	-6.79638071493	-0.0865170882372
NY	-inf,5.25	40866	-5.66340526339	-5.75758657811	0.0941813147111
PP	-inf,5.25	35644	-5.80012285513	-6.02387345766	0.223750602533
PQ	-inf,5.25	51334	-5.43535038421	-5.41120083819	-0.0241495460172
PR	-inf,5.25	59320	-5.29075716761	-5.1003950035	-0.190362164116
PS	-inf,5.25	86864	-4.90936000772	-5.03182443572	0.122464428005
PT	-inf,5.25	76808	-5.03239488349	-5.15968664899	0.127291765508
PV	-inf,5.25	74779	-5.05916658798	-5.21998373882	0.160817150835
PW	-inf,5.25	14305	-6.71309455838	-6.79598543139	0.0828908730117
PY	-inf,5.25	41815	-5.64044855805	-5.75719129457	0.116742736523
QQ	-inf,5.25	28771	-6.01433574949	-6.18483162965	0.170495880159
QR	-inf,5.25	64303	-5.21009739843	-5.18087390751	-0.0292234909196
QS	-inf,5.25	71600	-5.10260861092	-5.11230333974	0.00969472882064
QT	-inf,5.25	63226	-5.22698807592	-5.24016555301	0.0131774770841
QV	-inf,5.25	55556	-5.35631216383	-5.30046264283	-0.0558495209992
QW	-inf,5.25	12613	-6.83897565678	-6.8764643354	0.0374886786269
QY	-inf,5.25	32525	-5.89169466048	-5.83767019858	-0.0540244618995
RR	-inf,5.25	38451	-5.72431898147	-5.56321870285	-0.161100278621
RS	-inf,5.25	79556	-4.99724250868	-4.80149750504	-0.195745003639
RT	-inf,5.25	73562	-5.07557509683	-4.92935971831	-0.146215378513
RV	-inf,5.25	69013	-5.13940879223	-4.98965680813	-0.149751984099
RW	-inf,5.25	16346	-6.57972046579	-6.56565850071	-0.0140619650786
RY	-inf,5.25	44017	-5.58912776195	-5.52686436389	-0.062263398057
SS	-inf,5.25	71397	-5.10544783323	-5.4260773387	0.320629505469
ST	-inf,5.25	101136	-4.75723753915	-4.86078915054	0.103551611388
SV	-inf,5.25	90906	-4.86387767928	-4.92108624036	0.0572085610858
SW	-inf,5.25	13751	-6.75259213614	-6.49708793294	-0.255504203204
SY	-inf,5.25	48987	-5.48214872809	-5.45829379612	-0.0238549319767
TT	-inf,5.25	51261	-5.43677345575	-5.68180220455	0.245028748805
TV	-inf,5.25	82847	-4.95670815168	-5.04894845363	0.0922403019498
TW	-inf,5.25	12387	-6.85705614931	-6.62495014621	-0.232106003102
TY	-inf,5.25	40764	-5.66590434592	-5.58615600939	-0.0797483365276
VV	-inf,5.25	41872	-5.63908633909	-5.80239661168	0.16331027259
VW	-inf,5.25	11970	-6.89130016531	-6.68524723603	-0.206052929282
VY	-inf,5.25	38151	-5.73215171518	-5.64645309921	-0.0856986159654
WW	-inf,5.25	2148	-8.60916650824	-8.95441490845	0.345248400219
WY	-inf,5.25	9183	-7.15634973625	-7.22245479178	0.0661050555342
YY	-inf,5.25	13959	-6.73757922335	-6.8768144882	0.139235264847
AA	4.25,6.25	101621	-4.85070815135	-5.13228772787	0.281579576526
AC	4.25,6.25	32553	-5.98908882774	-6.15211053988	0.163021712138
AD	4.25,6.25	112130	-4.75229944557	-4.64982096088	-0.102478484693
AE	4.25,6.25	112562	-4.7484541771	-4.46777453453	-0.280679642565
AF	4.25,6.25	67362	-5.26187729734	-5.19430080666	-0.0675764906795
AG	4.25,6.25	122726	-4.66200412984	-4.5746822047	-0.0873219251411
AH	4.25,6.25	42675	-5.71834508937	-5.56205822688	-0.156286862484
AI	4.25,6.25	122871	-4.66082333352	-4.81015002679	0.149326693276
AK	4.25,6.25	89732	-4.9751309079	-4.63667801667	-0.338452891226
AL	4.25,6.25	218801	-4.08379571713	-4.31249968661	0.228703969483
AM	4.25,6.25	49863	-5.56267911329	-5.74386129482	0.181182181534
AN	4.25,6.25	79767	-5.09284847295	-4.98661894336	-0.106229529596
AP	4.25,6.25	76874	-5.12979064014	-4.99535506583	-0.13443557431
AQ	4.25,6.25	69831	-5.2258803208	-5.07138720182	-0.154493118975
AR	4.25,6.25	85100	-5.02813132247	-4.76739809278	-0.260733229689
AS	4.25,6.25	130141	-4.60333987998	-4.64577692457	0.0424370445897
AT	4.25,6.25	114744	-4.72925479806	-4.74293355273	0.013678754678
AV	4.25,6.25	157612	-4.41182204139	-4.57026560022	0.158443558835
AW	4.25,6.25	23958	-6.29565606074	-6.19574813801	-0.0999079227325
AY	4.25,6.25	63662	-5.31837051978	-5.20820905385	-0.11016146593
CC	4.25,6.25	19421	-6.5056034032	-8.55824444587	2.05264104267
CD	4.25,6.25	25249	-6.24317180707	-6.36279350986	0.119621702787
CE	4.25,6.25	22346	-6.36531102392	-6.18074708351	-0.184563940413
CF	4.25,6.25	13832	-6.84497360967	-6.90727335564	0.0622997459731
CG	4.25,6.25	31808	-6.01224052757	-6.28765475367	0.275414226099
CH	4.25,6.25	13640	-6.85895170563	-7.27503077586	0.416079070227
CI	4.25,6.25	21443	-6.40656010626	-6.52312257577	0.11656246951
CK	4.25,6.25	21086	-6.42334904489	-6.34965056565	-0.0736984792461
CL	4.25,6.25	33604	-5.95731325054	-6.02547223559	0.068158985041
CM	4.25,6.25	9490	-7.22171974543	-7.4568338438	0.235114098375
CN	4.25,6.25	20974	-6.42867478263	-6.69959149234	0.2709167097
CP	4.25,6.25	22962	-6.33811768238	-6.7083276148	0.370209932426
CQ	4.25,6.25	15241	-6.74796919314	-6.7843597508	0.0363905576567
CR	4.25,6.25	19324	-6.51061051136	-6.48037064176	-0.0302398695997
CS	4.25,6.25	34791	-5.9225996254	-6.35874947354	0.436149848139
CT	4.25,6.25	25271	-6.24230086481	-6.45590610171	0.213605236895
CV	4.25,6.25	27226	-6.16778595896	-6.2832381492	0.115452190244
CW	4.25,6.25	5671	-7.73659288902	-7.90872068698	0.172127797967
CY	4.25,6.25	16099	-6.69320119979	-6.92118160283	0.227980403044
DD	4.25,6.25	36851	-5.86507560274	-5.55365426736	-0.311421335376
DE	4.25,6.25	74123	-5.16623248254	-4.67845750451	-0.487774978033
DF	4.25,6.25	58629	-5.40072890333	-5.40498377664	0.00425487331021
DG	4.25,6.25	80809	-5.07987001258	-4.78536517467	-0.29450483791
DH	4.25,6.25	42834	-5.7146261783	-5.77274119686	0.0581150185619
DI	4.25,6.25	97257	-4.8946013987	-5.02083299677	0.126231598067
DK	4.25,6.25	102274	-4.84430287184	-4.84736098665	0.00305811480836
DL	4.25,6.25	152069	-4.44762399284	-4.52318265659	0.0755586637521
DM	4.25,6.25	35051	-5.9151542143	-5.9545442648	0.0393900504992
DN	4.25,6.25	67400	-5.26131334013	-5.19730191334	-0.0640114267916
DP	4.25,6.25	54766	-5.4688887946	-5.2060380358	-0.262850758797
DQ	4.25,6.25	53308	-5.49587194433	-5.2820701718	-0.213801772528
DR	4.25,6.25	99975	-4.86703820331	-4.97808106276	0.111042859443
DS	4.25,6.25	90537	-4.96619975111	-4.85645989455	-0.109739856569
DT	4.25,6.25	88516	-4.98877503141	-4.95361652271	-0.0351585087019
DV	4.25,6.25	114181	-4.73417344945	-4.7809485702	0.0467751207548
DW	4.25,6.25	22180	-6.37276737612	-6.40643110798	0.0336637318589
DY	4.25,6.25	67901	-5.25390759605	-5.41889202383	0.164984427782
EE	4.25,6.25	45448	-5.65538954279	-5.1895608894	-0.465828653395
EF	4.25,6.25	65444	-5.29076354293	-5.22293735029	-0.0678261926336
EG	4.25,6.25	66181	-5.27956494536	-4.60331874833	-0.676246197037
EH	4.25,6.25	44122	-5.68499983377	-5.59069477051	-0.0943050632615
EI	4.25,6.25	109698	-4.77422722247	-4.83878657042	0.0645593479504
EK	4.25,6.25	130561	-4.60011780755	-4.6653145603	0.0651967527528
EL	4.25,6.25	173196	-4.31753445687	-4.34113623024	0.0236017733652
EM	4.25,6.25	39451	-5.79689896253	-5.77249783845	-0.0244011240804
EN	4.25,6.25	65281	-5.29325732888	-5.01525548699	-0.278001841892
EP	4.25,6.25	53443	-5.49334269267	-5.02399160946	-0.469351083214
EQ	4.25,6.25	59793	-5.3810697608	-5.10002374545	-0.281046015345
ER	4.25,6.25	130499	-4.60059279415	-4.79603463641	0.19544184226
ES	4.25,6.25	88010	-4.99450791366	-4.6744134682	-0.320094445465
ET	4.25,6.25	90830	-4.96296873053	-4.77157009636	-0.19139863417
EV	4.25,6.25	126529	-4.63148682714	-4.59890214385	-0.0325846832869
EW	4.25,6.25	26727	-6.18628406764	-6.22438468164	0.0381006139948
EY	4.25,6.25	73973	-5.16825819629	-5.23684559748	0.068587401197
FF	4.25,6.25	23014	-6.33585563165	-6.64261624292	0.306760611279
FG	4.25,6.25	51064	-5.53887861009	-5.32984502046	-0.209033589637
FH	4.25,6.25	28244	-6.13107731239	-6.31722104264	0.186143730249
FI	4.25,6.25	60421	-5.37062163141	-5.56531284255	0.194691211139
FK	4.25,6.25	60131	-5.3754328425	-5.39184083243	0.0164079899299
FL	4.25,6.25	98652	-4.88035985209	-5.06766250237	0.18730265028
FM	4.25,6.25	25764	-6.22298018936	-6.49902411058	0.276043921222
FN	4.25,6.25	43225	-5.70553932648	-5.74178175912	0.0362424326415
FP	4.25,6.25	45720	-5.64942251912	-5.75051788159	0.101095362465
FQ	4.25,6.25	40770	-5.76401184122	-5.82655001758	0.0625381763681
FR	4.25,6.25	53693	-5.48867571885	-5.52256090854	0.0338851896926
FS	4.25,6.25	59903	-5.37923177071	-5.40093974033	0.0217079696198
FT	4.25,6.25	58643	-5.40049014216	-5.49809636849	0.0976062263342
FV	4.25,6.25	72502	-5.18834421036	-5.32542841598	0.137084205625
FW	4.25,6.25	16618	-6.6614719128	-6.95091095377	0.289439040961
FY	4.25,6.25	45706	-5.64972877774	-5.96337186961	0.313643091878
GG	4.25,6.25	48593	-5.58847887044	-5.40337652655	-0.185102343888
GH	4.25,6.25	32663	-5.98571541924	-5.69760244068	-0.288112978567
GI	4.25,6.25	84715	-5.03266567644	-4.94569424059	-0.0869714358503
GK	4.25,6.25	62371	-5.33885793429	-4.77222223046	-0.566635703825
GL	4.25,6.25	136417	-4.55624198697	-4.4480439004	-0.10819808657
GM	4.25,6.25	31978	-6.00691019168	-5.87940550862	-0.127504683067
GN	4.25,6.25	61703	-5.34962580595	-5.12216315715	-0.227462648799
GP	4.25,6.25	57540	-5.41947799992	-5.13089927962	-0.288578720305
GQ	4.25,6.25	44203	-5.68316569796	-5.20693141562	-0.476234282346
GR	4.25,6.25	56651	-5.43504871848	-4.90294230657	-0.532106411906
GS	4.25,6.25	99426	-4.87254470917	-4.78132113836	-0.091223570811
GT	4.25,6.25	88057	-4.99397402598	-4.87847776653	-0.115496259454
GV	4.25,6.25	110485	-4.76707859291	-4.70580981402	-0.061268778892
GW	4.25,6.25	19215	-6.51626713403	-6.3312923518	-0.184974782231
GY	4.25,6.25	57835	-5.4143642293	-5.34375326765	-0.0706109616519
HH	4.25,6.25	12736	-6.92752572895	-7.37813350138	0.450607772436
HI	4.25,6.25	38026	-5.83368822176	-5.93307026277	0.0993820410132
HK	4.25,6.25	30133	-6.06633744133	-5.75959825265	-0.306739188676
HL	4.25,6.25	61722	-5.34931792667	-5.43541992259	0.0861019959186
HM	4.25,6.25	16113	-6.69233195846	-6.8667815308	0.174449572348
HN	4.25,6.25	26482	-6.19549310113	-6.10953917934	-0.085953921791
HP	4.25,6.25	28434	-6.12437274583	-6.11827530181	-0.00609744402839
HQ	4.25,6.25	24508	-6.27295876318	-6.1943074378	-0.0786513253803
HR	4.25,6.25	32498	-5.99077980907	-5.89031832876	-0.100461480308
HS	4.25,6.25	38300	-5.82650846186	-5.76869716055	-0.057811301314
HT	4.25,6.25	37927	-5.83629509854	-5.86585378871	0.0295586901723
HV	4.25,6.25	46456	-5.63345272998	-5.6931858362	0.0597331062268
HW	4.25,6.25	11497	-7.02987222628	-7.31866837399	0.28879614771
HY	4.25,6.25	30000	-6.07076097639	-6.33112928983	0.260368313449
II	4.25,6.25	53792	-5.48683360082	-5.874312948	0.387479347176
IK	4.25,6.25	100503	-4.86177078025	-5.00769005256	0.145919272313
IL	4.25,6.25	160006	-4.39674704352	-4.6835117225	0.286764678983
IM	4.25,6.25	38602	-5.81865426945	-6.11487333071	0.296219061267
IN	4.25,6.25	76625	-5.13303496379	-5.35763097925	0.224596015459
IP	4.25,6.25	68909	-5.23917156447	-5.36636710172	0.127195537251
IQ	4.25,6.25	61556	-5.35201102845	-5.44239923771	0.0903882092689
IR	4.25,6.25	76128	-5.13954222393	-5.13841012867	-0.00113209525696
IS	4.25,6.25	101955	-4.84742681858	-5.01678896046	0.169362141877
IT	4.25,6.25	96319	-4.9042927586	-5.11394558862	0.209652830024
IV	4.25,6.25	118201	-4.69957179287	-4.94127763612	0.241705843241
IW	4.25,6.25	19161	-6.5190813948	-6.5667601739	0.0476787790966
IY	4.25,6.25	65705	-5.28678333195	-5.57922108975	0.292437757794
KK	4.25,6.25	34654	-5.92654519896	-5.52736833773	-0.399176861225
KL	4.25,6.25	151375	-4.45219815617	-4.51003971238	0.0578415562026
KM	4.25,6.25	33395	-5.96355216987	-5.94140132059	-0.0221508492783
KN	4.25,6.25	62718	-5.33330987027	-5.18415896913	-0.149150901142
KP	4.25,6.25	43166	-5.70690520971	-5.19289509159	-0.514010118117
KQ	4.25,6.25	51404	-5.5322423676	-5.26892722759	-0.263315140011
KR	4.25,6.25	51173	-5.53674630885	-4.96493811855	-0.5718081903
KS	4.25,6.25	76859	-5.12998578366	-4.84331695033	-0.28666883333
KT	4.25,6.25	79874	-5.09150796499	-4.9404735785	-0.151034386489
KV	4.25,6.25	108910	-4.78143650496	-4.76780562599	-0.0136308789676
KW	4.25,6.25	23700	-6.30648330991	-6.39328816377	0.0868048538667
KY	4.25,6.25	72464	-5.18886847123	-5.40574907962	0.216880608388
LL	4.25,6.25	145709	-4.49034687599	-4.87901081521	0.388663939215
LM	4.25,6.25	62433	-5.33786437631	-5.61722299053	0.279358614223
LN	4.25,6.25	108207	-4.78791229872	-4.85998063907	0.0720683403473
LP	4.25,6.25	116224	-4.71643899451	-4.86871676153	0.152277767024
LQ	4.25,6.25	110275	-4.76898111206	-4.94474889753	0.175767785474
LR	4.25,6.25	132875	-4.58254952139	-4.64075978849	0.0582102671004
LS	4.25,6.25	167544	-4.35071235471	-4.51913862027	0.168426265563
LT	4.25,6.25	150048	-4.46100311514	-4.61629524844	0.1552921333
LV	4.25,6.25	192673	-4.21096390661	-4.44362729593	0.23266338932
LW	4.25,6.25	33023	-5.97475406965	-6.06910983371	0.0943557640577
LY	4.25,6.25	99082	-4.87601056792	-5.08157074956	0.20556018164
MM	4.25,6.25	9356	-7.23594050933	-7.74174120398	0.505800694651
MN	4.25,6.25	27593	-6.15439624068	-6.29134224728	0.1369460066
MP	4.25,6.25	26005	-6.21366953082	-6.30007836975	0.0864088389248
MQ	4.25,6.25	23913	-6.29753611393	-6.37611050575	0.0785743918118
MR	4.25,6.25	29277	-6.09515613322	-6.0721213967	-0.0230347365195
MS	4.25,6.25	36437	-5.87637361616	-5.95050022849	0.0741266123307
MT	4.25,6.25	34338	-5.93570574539	-6.04765685665	0.111951111262
MV	4.25,6.25	44662	-5.67283532983	-5.87498890415	0.202153574311
MW	4.25,6.25	8936	-7.28187029628	-7.50047144193	0.218601145646
MY	4.25,6.25	25094	-6.24932958431	-6.51293235778	0.263602773466
NN	4.25,6.25	31643	-6.01744140295	-6.22725149614	0.209810093183
NP	4.25,6.25	45453	-5.655279533	-5.54283601828	-0.112443514719
NQ	4.25,6.25	43357	-5.7024901915	-5.61886815428	-0.0836220372212
NR	4.25,6.25	48837	-5.58347013575	-5.31487904524	-0.268591090517
NS	4.25,6.25	72355	-5.19037379886	-5.19325787702	0.00288407816606
NT	4.25,6.25	68625	-5.24330145822	-5.29041450519	0.0471130469721
NV	4.25,6.25	81838	-5.06721667463	-5.11774655268	0.0505298780508
NW	4.25,6.25	16569	-6.66442487846	-6.74322909046	0.0788042120018
NY	4.25,6.25	50475	-5.55048019385	-5.75569000631	0.205209812462
PP	4.25,6.25	24512	-6.27279556449	-6.24472377985	-0.028071784637
PQ	4.25,6.25	36751	-5.86779292187	-5.62760427675	-0.240188645127
PR	4.25,6.25	47296	-5.61553263272	-5.3236151677	-0.291917465019
PS	4.25,6.25	64729	-5.3017490344	-5.20199399949	-0.0997550349064
PT	4.25,6.25	63421	-5.32216332116	-5.29915062766	-0.0230126935085
PV	4.25,6.25	86897	-5.00723484881	-5.12648267515	0.119247826336
PW	4.25,6.25	20603	-6.44652166179	-6.75196521293	0.305443551142
PY	4.25,6.25	52390	-5.51324262463	-5.76442612878	0.25118350415
QQ	4.25,6.25	20779	-6.43801549673	-6.39678840406	-0.0412270926677
QR	4.25,6.25	51306	-5.53415065365	-5.3996473037	-0.134503349945
QS	4.25,6.25	57267	-5.42423381646	-5.27802613549	-0.146207680972
QT	4.25,6.25	58055	-5.41056752097	-5.37518276365	-0.0353847573138
QV	4.25,6.25	72068	-5.19434824029	-5.20251481115	0.00816657085203
QW	4.25,6.25	17934	-6.58526000552	-6.82799734893	0.242737343409
QY	4.25,6.25	41861	-5.73760375216	-5.84045826478	0.102854512615
RR	4.25,6.25	30747	-6.04616592953	-5.78880892492	-0.257357004609
RS	4.25,6.25	68920	-5.23901194639	-4.97403702644	-0.264974919944
RT	4.25,6.25	71354	-5.20430495403	-5.07119365461	-0.133111299418
RV	4.25,6.25	93608	-4.93284250813	-4.8985257021	-0.0343168060296
RW	4.25,6.25	24786	-6.2616793804	-6.52400823988	0.262328859477
RY	4.25,6.25	58354	-5.40543044982	-5.53646915573	0.131038705909
SS	4.25,6.25	58851	-5.39694953213	-5.545566182	0.148616649865
ST	4.25,6.25	95247	-4.9154848406	-4.9495724864	0.0340876457982
SV	4.25,6.25	123549	-4.65532051953	-4.77690453389	0.121584014354
SW	4.25,6.25	21283	-6.41404972607	-6.40238707167	-0.0116626543967
SY	4.25,6.25	63117	-5.32696821116	-5.41484798752	0.0878797763625
TT	4.25,6.25	52268	-5.51557402892	-5.73987975904	0.224305730121
TV	4.25,6.25	123927	-4.65226567548	-4.87406116206	0.221795486578
TW	4.25,6.25	20037	-6.47437779364	-6.49954369984	0.0251659062005
TY	4.25,6.25	60740	-5.36535589843	-5.51200461569	0.146648717255
VV	4.25,6.25	80463	-5.08416090661	-5.3945433047	0.310382398092
VW	4.25,6.25	24363	-6.27889277008	-6.32687574733	0.0479829772487
VY	4.25,6.25	73622	-5.17301446393	-5.33933666318	0.166322199242
WW	4.25,6.25	3887	-8.11432070618	-8.64552027445	0.531199568273
WY	4.25,6.25	17981	-6.5826427132	-6.96481920096	0.38217648776
YY	4.25,6.25	24655	-6.26697863837	-6.6704328135	0.403454175126
AA	5.25,7.25	80933	-4.72623302372	-5.07529130756	0.349058283843
AC	5.25,7.25	33697	-5.60244586299	-5.92151081321	0.319064950217
AD	5.25,7.25	59301	-5.03722850635	-4.76864345773	-0.268585048618
AE	5.25,7.25	61285	-5.00431956082	-4.64310849471	-0.361211066107
AF	5.25,7.25	73468	-4.82300473835	-4.9301155688	0.107110830454
AG	5.25,7.25	76533	-4.78213265525	-4.71738794307	-0.0647447121719
AH	5.25,7.25	29386	-5.73933630516	-5.55649482989	-0.182841475274
AI	5.25,7.25	133408	-4.22644257392	-4.55438510338	0.327942529463
AK	5.25,7.25	49270	-5.22253929906	-4.79085565873	-0.431683640328
AL	5.25,7.25	222605	-3.71445577521	-4.08544498587	0.370989210663
AM	5.25,7.25	45114	-5.31066205599	-5.60054052983	0.289878473845
AN	5.25,7.25	45842	-5.29465397414	-5.07874871377	-0.21590526037
AP	5.25,7.25	39530	-5.4427947983	-5.1187350418	-0.324059756509
AQ	5.25,7.25	38075	-5.48029677683	-5.18149521867	-0.298801558159
AR	5.25,7.25	46741	-5.27523295178	-4.86531589036	-0.409917061421
AS	5.25,7.25	83451	-4.69559504235	-4.68896497921	-0.00663006314516
AT	5.25,7.25	76622	-4.78097043384	-4.72415104943	-0.0568193844045
AV	5.25,7.25	155707	-4.07187863953	-4.35191120272	0.280032563187
AW	5.25,7.25	24885	-5.9055894633	-5.99107170516	0.0854822418546
AY	5.25,7.25	61894	-4.99443143115	-5.04470669609	0.0502752649359
CC	5.25,7.25	20000	-6.12412240206	-8.15404110088	2.02991869882
CD	5.25,7.25	17156	-6.27750670896	-6.30801304429	0.0305063353346
CE	5.25,7.25	16197	-6.33502863571	-6.18247808128	-0.152550554431
CF	5.25,7.25	19249	-6.16239556428	-6.46948515537	0.307089591086
CG	5.25,7.25	25295	-5.88924792787	-6.25675752964	0.36750960177
CH	5.25,7.25	12810	-6.5696285597	-7.09586441645	0.526235856747
CI	5.25,7.25	28691	-5.76327119088	-6.09375468994	0.330483499066
CK	5.25,7.25	15197	-6.39875663566	-6.3302252453	-0.068531390367
CL	5.25,7.25	45527	-5.30154911906	-5.62481457244	0.323265453379
CM	5.25,7.25	11230	-6.70126590686	-7.1399101164	0.438644209537
CN	5.25,7.25	15989	-6.34795368981	-6.61811830034	0.270164610527
CP	5.25,7.25	15608	-6.37207107229	-6.65810462836	0.286033556068
CQ	5.25,7.25	11903	-6.64306420643	-6.72086480524	0.0778005988106
CR	5.25,7.25	14779	-6.42664742138	-6.40468547692	-0.0219619444561
CS	5.25,7.25	28289	-5.7773816391	-6.22833456577	0.45095292667
CT	5.25,7.25	21837	-6.03624889681	-6.263520636	0.227271739188
CV	5.25,7.25	33915	-5.59599728122	-5.89128078928	0.295283508068
CW	5.25,7.25	6993	-7.17494502689	-7.53044129172	0.355496264831
CY	5.25,7.25	18961	-6.17747043756	-6.58407628266	0.406605845094
DD	5.25,7.25	12060	-6.62996048431	-5.8482971382	-0.781663346115
DE	5.25,7.25	19876	-6.13034170187	-5.0296107258	-1.10073097607
DF	5.25,7.25	42632	-5.36724953062	-5.31661779989	-0.0506317307306
DG	5.25,7.25	35646	-5.54621773701	-5.10389017416	-0.44232756285
DH	5.25,7.25	17823	-6.23936491757	-5.94299706097	-0.296367856599
DI	5.25,7.25	70184	-4.86873431079	-4.94088733447	0.0721530236778
DK	5.25,7.25	23032	-5.9829701223	-5.17735788982	-0.805612232487
DL	5.25,7.25	103344	-4.48179144632	-4.47194721696	-0.0098442293641
DM	5.25,7.25	21289	-6.06166416822	-5.98704276092	-0.0746214072989
DN	5.25,7.25	21924	-6.03227274843	-5.46525094486	-0.567021803571
DP	5.25,7.25	18270	-6.21459430522	-5.50523727288	-0.709357032341
DQ	5.25,7.25	15475	-6.38062885704	-5.56799744976	-0.812631407283
DR	5.25,7.25	31743	-5.66218244702	-5.25181812145	-0.410364325577
DS	5.25,7.25	35149	-5.56025850726	-5.0754672103	-0.484791296968
DT	5.25,7.25	35162	-5.55988872159	-5.11065328052	-0.449235441074
DV	5.25,7.25	76297	-4.78522105658	-4.7384134338	-0.0468076227711
DW	5.25,7.25	14250	-6.4630977689	-6.37757393624	-0.0855238326544
DY	5.25,7.25	39552	-5.44223841378	-5.43120892718	-0.0110294866014
EE	5.25,7.25	10412	-6.77689568848	-5.59722670855	-1.17966897993
EF	5.25,7.25	46472	-5.28100469492	-5.19108283687	-0.0899218580499
EG	5.25,7.25	27840	-5.79338084015	-4.97835521115	-0.815025629001
EH	5.25,7.25	17403	-6.26321207046	-5.81746209796	-0.445749972503
EI	5.25,7.25	74449	-4.80974034841	-4.81535237145	0.00561202304309
EK	5.25,7.25	25528	-5.88007878664	-5.0518229268	-0.828255859836
EL	5.25,7.25	114538	-4.37894802995	-4.34641225394	-0.0325357760049
EM	5.25,7.25	22657	-5.99938582066	-5.86150779791	-0.137878022752
EN	5.25,7.25	18553	-6.19922317457	-5.33971598184	-0.859507192725
EP	5.25,7.25	15263	-6.39442307668	-5.37970230987	-1.01472076681
EQ	5.25,7.25	14771	-6.42718887656	-5.44246248674	-0.98472638981
ER	5.25,7.25	34408	-5.58156558013	-5.12628315843	-0.455282421701
ES	5.25,7.25	31858	-5.65856614774	-4.94993224728	-0.70863390046
ET	5.25,7.25	33324	-5.6135768175	-4.9851183175	-0.628458499997
EV	5.25,7.25	83031	-4.70064064357	-4.61287847079	-0.0877621727828
EW	5.25,7.25	16538	-6.31419391231	-6.25203897323	-0.0621549390841
EY	5.25,7.25	40958	-5.4073075242	-5.30567396416	-0.101633560037
FF	5.25,7.25	33351	-5.61276691869	-6.17124210842	0.558475189722
FG	5.25,7.25	42754	-5.36439191736	-5.26536228523	-0.0990296321215
FH	5.25,7.25	25815	-5.86889895728	-6.10446917205	0.235570214765
FI	5.25,7.25	86804	-4.65620197206	-5.10235944554	0.446157473479
FK	5.25,7.25	43767	-5.34097456686	-5.33883000089	-0.00214456596566
FL	5.25,7.25	137807	-4.19400052007	-4.63341932803	0.439418807967
FM	5.25,7.25	29774	-5.72621914616	-6.14851487199	0.422295725836
FN	5.25,7.25	34095	-5.59070392964	-5.62672305593	0.0360191262912
FP	5.25,7.25	34712	-5.57276922712	-5.66670938396	0.0939401568386
FQ	5.25,7.25	31167	-5.68049483286	-5.72946956083	0.0489747279763
FR	5.25,7.25	40732	-5.4128406513	-5.41329023252	0.000449581215767
FS	5.25,7.25	50542	-5.19705000182	-5.23693932137	0.0398893195486
FT	5.25,7.25	54839	-5.11545305595	-5.27212539159	0.156672335642
FV	5.25,7.25	97982	-4.53507088728	-4.89988554488	0.364814657596
FW	5.25,7.25	22333	-6.01378927038	-6.53904604732	0.525256776943
FY	5.25,7.25	56293	-5.08928448212	-5.59268103825	0.503396556127
GG	5.25,7.25	25820	-5.8687052902	-5.7457858956	-0.122919394591
GH	5.25,7.25	17371	-6.26505252649	-5.89174154632	-0.373310980174
GI	5.25,7.25	68986	-4.88595109015	-4.88963181981	0.0036807296581
GK	5.25,7.25	24306	-5.92913144216	-5.12610237516	-0.803029067002
GL	5.25,7.25	104660	-4.46913767467	-4.42069170231	-0.0484459723636
GM	5.25,7.25	22929	-5.98745219068	-5.93578724627	-0.0516649444171
GN	5.25,7.25	28972	-5.75352482928	-5.41399543021	-0.339529399075
GP	5.25,7.25	25158	-5.8946787382	-5.45398175823	-0.440696979968
GQ	5.25,7.25	19996	-6.12432242206	-5.51674193511	-0.607580486956
GR	5.25,7.25	25211	-5.8925742684	-5.20056260679	-0.692011661609
GS	5.25,7.25	50694	-5.19404711521	-5.02421169564	-0.169835419573
GT	5.25,7.25	43895	-5.33805425724	-5.05939776587	-0.27865649137
GV	5.25,7.25	80352	-4.73343769264	-4.68715791915	-0.0462797734871
GW	5.25,7.25	15019	-6.41053860939	-6.32631842159	-0.0842201877991
GY	5.25,7.25	40026	-5.43032543266	-5.37995341252	-0.0503720201346
HH	5.25,7.25	8464	-6.9840328005	-7.42400499944	0.439972198943
HI	5.25,7.25	34776	-5.57092718193	-5.72873870662	0.157811524696
HK	5.25,7.25	11408	-6.68553981194	-5.96520926197	-0.720330549967
HL	5.25,7.25	53380	-5.14241853164	-5.25979858912	0.11738005748
HM	5.25,7.25	12495	-6.59452611133	-6.77489413308	0.180368021753
HN	5.25,7.25	12421	-6.60046608705	-6.25310231702	-0.347363770035
HP	5.25,7.25	12579	-6.58782591876	-6.29308864504	-0.294737273716
HQ	5.25,7.25	10294	-6.78829347438	-6.35584882192	-0.432444652465
HR	5.25,7.25	14782	-6.42644445125	-6.0396694936	-0.386774957646
HS	5.25,7.25	21054	-6.07276410978	-5.86331858245	-0.20944552733
HT	5.25,7.25	21018	-6.07447546217	-5.89850465268	-0.175970809493
HV	5.25,7.25	39768	-5.43679210682	-5.52626480596	0.0894726991418
HW	5.25,7.25	9490	-6.86961606299	-7.1654253084	0.295809245411
HY	5.25,7.25	22593	-6.00221455183	-6.21906029934	0.216845747509
II	5.25,7.25	76143	-4.78724152433	-5.41977960621	0.632538081881
IK	5.25,7.25	69122	-4.88398161635	-4.96309953547	0.0791179191156
IL	5.25,7.25	221530	-3.71929665512	-4.25768886261	0.538392207491
IM	5.25,7.25	44748	-5.31880792463	-5.77278440657	0.453976481943
IN	5.25,7.25	55575	-5.10212121576	-5.25099259051	0.148871374746
IP	5.25,7.25	47935	-5.25000874908	-5.29097891853	0.0409701694484
IQ	5.25,7.25	45850	-5.29447947691	-5.35373909541	0.059259618499
IR	5.25,7.25	57212	-5.07309100902	-5.0375597671	-0.0355312419242
IS	5.25,7.25	84231	-4.6862916511	-4.86120885595	0.174917204844
IT	5.25,7.25	88460	-4.63730420317	-4.89639492617	0.259090722996
IV	5.25,7.25	161217	-4.03710339204	-4.52415507946	0.487051687411
IW	5.25,7.25	26972	-5.82505538474	-6.16331558189	0.338260197154
IY	5.25,7.25	77942	-4.76388971527	-5.21695057283	0.45306085756
KK	5.25,7.25	6917	-7.185872526	-5.89272163608	-1.29315088991
KL	5.25,7.25	102658	-4.48845160046	-4.49415941796	0.00570781750523
KM	5.25,7.25	19965	-6.1258739351	-6.00925496192	-0.116618973176
KN	5.25,7.25	16315	-6.32776974557	-5.48746314586	-0.840306599708
KP	5.25,7.25	12987	-6.55590581849	-5.52744947388	-1.0284563446
KQ	5.25,7.25	13331	-6.52976252548	-5.59020965076	-0.939552874721
KR	5.25,7.25	14091	-6.4743183799	-5.27403032245	-1.20028805745
KS	5.25,7.25	28351	-5.77519237269	-5.0976794113	-0.677512961396
KT	5.25,7.25	29003	-5.7524554027	-5.13286548152	-0.619589921181
KV	5.25,7.25	72649	-4.83421505032	-4.76062563481	-0.0735894155106
KW	5.25,7.25	14481	-6.44701723027	-6.39978613725	-0.047231093021
KY	5.25,7.25	39097	-5.45380893791	-5.45342112818	-0.000387809729993
LL	5.25,7.25	192427	-3.86013781459	-4.48189808141	0.621760266827
LM	5.25,7.25	70907	-4.85848551634	-5.30384428907	0.445358772723
LN	5.25,7.25	77325	-4.77183735704	-4.782052473	0.0102151159606
LP	5.25,7.25	76998	-4.77607522812	-4.82203880103	0.0459635729039
LQ	5.25,7.25	76852	-4.77797318124	-4.8847989779	0.10682579666
LR	5.25,7.25	95184	-4.56404281517	-4.56861964959	0.0045768344228
LS	5.25,7.25	131623	-4.23991289996	-4.39226873844	0.152355838483
LT	5.25,7.25	132114	-4.23618948938	-4.42745480866	0.191265319281
LV	5.25,7.25	250742	-3.59543015357	-4.05521496195	0.459784808382
LW	5.25,7.25	44317	-5.328486325	-5.69437546439	0.365889139393
LY	5.25,7.25	115436	-4.37113841178	-4.74801045532	0.376872043539
MM	5.25,7.25	8977	-6.92518892484	-7.51209682198	0.586907897141
MN	5.25,7.25	17370	-6.26511009536	-6.29714801696	0.0320379216043
MP	5.25,7.25	15886	-6.3544164574	-6.33713434499	-0.0172821124138
MQ	5.25,7.25	14612	-6.43801156668	-6.39989452187	-0.0381170448146
MR	5.25,7.25	18828	-6.18450955207	-6.08371519355	-0.100794358522
MS	5.25,7.25	26031	-5.86056654013	-5.9073642824	0.0467977422679
MT	5.25,7.25	26470	-5.84384265937	-5.94255035263	0.0987076932506
MV	5.25,7.25	50190	-5.20403887195	-5.57031050591	0.366271633964
MW	5.25,7.25	10142	-6.80316945824	-7.20947100835	0.40630155011
MY	5.25,7.25	24951	-5.90294077406	-6.26310599928	0.360165225224
NN	5.25,7.25	11033	-6.71896389384	-6.4685092023	-0.250454691533
NP	5.25,7.25	16836	-6.29633522471	-5.81534252893	-0.480992695779
NQ	5.25,7.25	14689	-6.43275576126	-5.8781027058	-0.554653055461
NR	5.25,7.25	16504	-6.31625189984	-5.56192337749	-0.754328522355
NS	5.25,7.25	32043	-5.65277592484	-5.38557246634	-0.267203458498
NT	5.25,7.25	29007	-5.75231749544	-5.42075853656	-0.331558958881
NV	5.25,7.25	56866	-5.07915705262	-5.04851868985	-0.0306383627738
NW	5.25,7.25	11424	-6.68413827002	-6.68767919229	0.00354092227187
NY	5.25,7.25	30349	-5.70709110758	-5.74131418322	0.0342230756407
PP	5.25,7.25	9164	-6.90457191102	-6.54848209582	-0.356089815201
PQ	5.25,7.25	12862	-6.5655774479	-5.91808903383	-0.647488414073
PR	5.25,7.25	16918	-6.29147653173	-5.60190970551	-0.689566826218
PS	5.25,7.25	26655	-5.83687792534	-5.42555879436	-0.411319130975
PT	5.25,7.25	27171	-5.81770444755	-5.46074486459	-0.356959582966
PV	5.25,7.25	57482	-5.0683828203	-5.08850501787	0.0201221975756
PW	5.25,7.25	15069	-6.40721502218	-6.72766552031	0.320450498135
PY	5.25,7.25	33092	-5.62056311429	-5.78130051124	0.160737396959
QQ	5.25,7.25	6287	-7.28137066621	-6.67400284198	-0.60736782423
QR	5.25,7.25	15539	-6.37650168281	-5.66466988239	-0.711831800418
QS	5.25,7.25	23445	-5.96519742307	-5.48831897124	-0.476878451831
QT	5.25,7.25	23637	-5.95704139468	-5.52350504146	-0.433536353218
QV	5.25,7.25	49723	-5.2133870729	-5.15126519475	-0.0621218781495
QW	5.25,7.25	12722	-6.57652189736	-6.79042569719	0.213903799832
QY	5.25,7.25	26538	-5.8412770075	-5.84406068812	0.00278368062254
RR	5.25,7.25	9971	-6.82017379577	-6.04164243675	-0.77853135902
RS	5.25,7.25	29765	-5.72652146901	-5.17213964293	-0.554381826081
RT	5.25,7.25	30781	-5.6929570591	-5.20732571315	-0.485631345951
RV	5.25,7.25	65409	-4.93919481194	-4.83508586644	-0.104108945503
RW	5.25,7.25	17003	-6.28646487654	-6.47424636888	0.187781492338
RY	5.25,7.25	37583	-5.49330285512	-5.52788135981	0.0345785046906
SS	5.25,7.25	28147	-5.78241389864	-5.68893985423	-0.0934740444179
ST	5.25,7.25	46485	-5.28072499571	-5.030974802	-0.249750193706
SV	5.25,7.25	94168	-4.5747742545	-4.65873495529	0.0839607007822
SW	5.25,7.25	17489	-6.25828256375	-6.29789545773	0.0396128939788
SY	5.25,7.25	42690	-5.36588997484	-5.35153044866	-0.0143595261858
TT	5.25,7.25	24328	-5.92822672524	-5.75931213584	-0.168914589398
TV	5.25,7.25	102743	-4.48762395108	-4.69392102551	0.20629707443
TW	5.25,7.25	17646	-6.24934554681	-6.33308152795	0.0837359811349
TY	5.25,7.25	45645	-5.2989606036	-5.38671651888	0.0877559152845
VV	5.25,7.25	102212	-4.49280558791	-5.01483117335	0.522025585444
VW	5.25,7.25	31778	-5.66108044915	-5.96084168123	0.299761232087
VY	5.25,7.25	82652	-4.70521565321	-5.01447667217	0.309261018955
WW	5.25,7.25	4712	-7.56974222926	-8.29316385877	0.723421629509
WY	5.25,7.25	20208	-6.11377611001	-6.65363717461	0.539861064601
YY	5.25,7.25	24472	-5.92232506876	-6.40042497212	0.478099903356
AA	6.25,8.25	53444	-4.72672939919	-5.01800986104	0.291280461851
AC	6.25,8.25	26319	-5.4350726641	-5.65299101013	0.217918346031
AD	6.25,8.25	22897	-5.5743578783	-5.07546754117	-0.498890337137
AE	6.25,8.25	23390	-5.55305519532	-4.98853020059	-0.564524994724
AF	6.25,8.25	66088	-4.51437658865	-4.61308056402	0.0987039753684
AG	6.25,8.25	43390	-4.9351347761	-4.8670384903	-0.0680962858093
AH	6.25,8.25	16422	-5.90674187663	-5.55238232855	-0.35435954808
AI	6.25,8.25	111947	-3.98733823091	-4.25264081374	0.265302582836
AK	6.25,8.25	18103	-5.80928610552	-5.11052933172	-0.698756773806
AL	6.25,8.25	179436	-3.51554517753	-3.81403788721	0.298492709681
AM	6.25,8.25	33272	-5.20064757347	-5.41407246103	0.213424887555
AN	6.25,8.25	19983	-5.71048186382	-5.30405305478	-0.406428809035
AP	6.25,8.25	19243	-5.74821641768	-5.35546505306	-0.392751364614
AQ	6.25,8.25	16001	-5.93271255563	-5.41835152122	-0.514361034408
AR	6.25,8.25	18507	-5.78721473702	-5.08706620789	-0.700148529134
AS	6.25,8.25	42719	-4.95071998978	-4.83016420619	-0.120555783591
AT	6.25,8.25	42215	-4.96258816779	-4.7826704578	-0.17991770999
AV	6.25,8.25	124119	-3.88412299309	-4.09832403283	0.214201039743
AW	6.25,8.25	20146	-5.70235801839	-5.69369155961	-0.00866645878174
AY	6.25,8.25	44772	-4.90378083189	-4.82902921427	-0.0747516176212
CC	6.25,8.25	13471	-6.1048245492	-7.6742863442	1.569461795
CD	6.25,8.25	7812	-6.6497027629	-6.40360002327	-0.246102739629
CE	6.25,8.25	7641	-6.67183529125	-6.3166626827	-0.35517260855
CF	6.25,8.25	20425	-5.68860413517	-5.94121304613	0.25260891096
CG	6.25,8.25	15717	-5.95062084682	-6.1951709724	0.24455012558
CH	6.25,8.25	8323	-6.58634100915	-6.88051481065	0.294173801503
CI	6.25,8.25	28618	-5.35132788543	-5.58077329585	0.229445410418
CK	6.25,8.25	6481	-6.83648895647	-6.43866181382	-0.397827142649
CL	6.25,8.25	44901	-4.9009037097	-5.14217036931	0.241266659612
CM	6.25,8.25	10246	-6.3784763904	-6.74220494314	0.363728552737
CN	6.25,8.25	8183	-6.60330494437	-6.63218553689	0.0288805925169
CP	6.25,8.25	7591	-6.67840044088	-6.68359753517	0.0051970942871
CQ	6.25,8.25	6002	-6.9132710289	-6.74648400333	-0.166787025571
CR	6.25,8.25	7135	-6.74035152499	-6.41519868999	-0.325152834995
CS	6.25,8.25	16803	-5.88380633402	-6.15829668829	0.274490354272
CT	6.25,8.25	13070	-6.13504424828	-6.11080293991	-0.0242413083697
CV	6.25,8.25	31040	-5.2700870806	-5.42645651494	0.156369434335
CW	6.25,8.25	7156	-6.73741261027	-7.02182404172	0.28441143145
CY	6.25,8.25	15097	-5.99086772733	-6.15716169637	0.166293969043
DD	6.25,8.25	4882	-7.11980880394	-6.51923253099	-0.600576272959
DE	6.25,8.25	5952	-6.92163647838	-5.73913921373	-1.18249726465
DF	6.25,8.25	22844	-5.57667527511	-5.36368957716	-0.212985697949
DG	6.25,8.25	13878	-6.07505892344	-5.61764750344	-0.457411420002
DH	6.25,8.25	8069	-6.61733421705	-6.30299134169	-0.314342875361
DI	6.25,8.25	37230	-5.08824888803	-5.00324982688	-0.0849990611474
DK	6.25,8.25	5794	-6.94854087657	-5.86113834486	-1.08740253171
DL	6.25,8.25	48824	-4.81714178067	-4.56464690035	-0.252494880326
DM	6.25,8.25	11071	-6.30103469904	-6.16468147417	-0.136353224868
DN	6.25,8.25	8319	-6.58682172061	-6.05466206792	-0.532159652692
DP	6.25,8.25	6060	-6.90365397583	-6.1060740662	-0.797579909632
DQ	6.25,8.25	5324	-7.03313887538	-6.16896053436	-0.864178341022
DR	6.25,8.25	10028	-6.39998259562	-5.83767522103	-0.562307374593
DS	6.25,8.25	13633	-6.09287045171	-5.58077321933	-0.512097232385
DT	6.25,8.25	14331	-6.04293875284	-5.53327947094	-0.509659281895
DV	6.25,8.25	38143	-5.06402152126	-4.84893304597	-0.215088475289
DW	6.25,8.25	7040	-6.75375560575	-6.44430057275	-0.309455032992
DY	6.25,8.25	18330	-5.79682471406	-5.57963822741	-0.217186486657
EE	6.25,8.25	3464	-7.46293978521	-6.34535711743	-1.11758266779
EF	6.25,8.25	25476	-5.46762694341	-5.27675223659	-0.190874706815
EG	6.25,8.25	10329	-6.37040830289	-5.53071016286	-0.839698140027
EH	6.25,8.25	8369	-6.58082937286	-6.21605400112	-0.364775371748
EI	6.25,8.25	37687	-5.07604856851	-4.91631248631	-0.159736082203
EK	6.25,8.25	5562	-6.9894060201	-5.77420100428	-1.21520501582
EL	6.25,8.25	55470	-4.68952144185	-4.47770955977	-0.211811882073
EM	6.25,8.25	11206	-6.28891442677	-6.0777441336	-0.211170293174
EN	6.25,8.25	5630	-6.97725433376	-5.96772472735	-1.00952960641
EP	6.25,8.25	5089	-7.07828242831	-6.01913672563	-1.05914570268
EQ	6.25,8.25	4878	-7.12062847612	-6.08202319379	-1.03860528233
ER	6.25,8.25	9973	-6.4054823345	-5.75073788045	-0.654744454042
ES	6.25,8.25	11221	-6.28757675323	-5.49383587875	-0.793740874478
ET	6.25,8.25	12479	-6.18131654439	-5.44634213037	-0.734974414017
EV	6.25,8.25	39971	-5.01720958474	-4.7619957054	-0.255213879343
EW	6.25,8.25	7476	-6.69366588632	-6.35736323218	-0.336302654141
EY	6.25,8.25	17426	-5.84740043211	-5.49270088684	-0.354699545271
FF	6.25,8.25	38492	-5.05491334842	-5.59445532018	0.539541971757
FG	6.25,8.25	31186	-5.26539449975	-5.15526052629	-0.11013397346
FH	6.25,8.25	17572	-5.8390570498	-5.84060436455	0.00154731474338
FI	6.25,8.25	97799	-4.12244942388	-4.54086284974	0.418413425864
FK	6.25,8.25	22324	-5.59970144299	-5.39875136771	-0.200950075277
FL	6.25,8.25	154586	-3.66461320014	-4.1022599232	0.437646723067
FM	6.25,8.25	31295	-5.26190543554	-5.70229449703	0.440389061488
FN	6.25,8.25	20355	-5.69203719396	-5.59227509078	-0.0997621031822
FP	6.25,8.25	20965	-5.66250939529	-5.64368708906	-0.0188223062336
FQ	6.25,8.25	17353	-5.85159837381	-5.70657355722	-0.14502481659
FR	6.25,8.25	23170	-5.56250543747	-5.37528824388	-0.187217193588
FS	6.25,8.25	34682	-5.15914295554	-5.11838624218	-0.0407567133563
FT	6.25,8.25	40787	-4.99700037273	-5.0708924938	0.073892121072
FV	6.25,8.25	105163	-4.0498522485	-4.38654606883	0.336693820323
FW	6.25,8.25	23386	-5.5532262232	-5.98191359561	0.428687372412
FY	6.25,8.25	52817	-4.73853066733	-5.11725125026	0.378720582936
GG	6.25,8.25	13446	-6.10668211187	-6.10237277432	-0.00430933754451
GH	6.25,8.25	9885	-6.41434531929	-6.09456229082	-0.319783028475
GI	6.25,8.25	46955	-4.85617407966	-4.79482077601	-0.0613533036464
GK	6.25,8.25	8143	-6.60820511343	-5.65270929398	-0.955495819446
GL	6.25,8.25	67060	-4.49977603488	-4.35621784948	-0.143558185402
GM	6.25,8.25	14830	-6.00871161977	-5.9562524233	-0.0524591964666
GN	6.25,8.25	11876	-6.23084421901	-5.84623301705	-0.384611201963
GP	6.25,8.25	11095	-6.29886921953	-5.89764501533	-0.401224204199
GQ	6.25,8.25	8606	-6.5529041415	-5.96053148349	-0.592372658009
GR	6.25,8.25	9775	-6.42553567004	-5.62924617015	-0.796289499889
GS	6.25,8.25	24392	-5.51110856623	-5.37234416845	-0.138764397774
GT	6.25,8.25	20926	-5.66437137096	-5.32485042007	-0.339520950883
GV	6.25,8.25	51458	-4.76459783495	-4.6405039951	-0.124093839856
GW	6.25,8.25	10163	-6.38661010176	-6.23587152188	-0.150738579878
GY	6.25,8.25	23374	-5.5537394824	-5.37120917654	-0.182530305868
HH	6.25,8.25	5451	-7.00956469783	-7.47306748106	0.463502783229
HI	6.25,8.25	23881	-5.53228061222	-5.48016461427	-0.0521159979556
HK	6.25,8.25	3802	-7.36983653185	-6.33805313224	-1.03178339961
HL	6.25,8.25	35876	-5.12529522766	-5.04156168773	-0.0837335399311
HM	6.25,8.25	8173	-6.60452773738	-6.64159626155	0.0370685241704
HN	6.25,8.25	6050	-6.90530550387	-6.5315768553	-0.373728648569
HP	6.25,8.25	5643	-6.97494793693	-6.58298885358	-0.391959083344
HQ	6.25,8.25	4786	-7.13966878643	-6.64587532174	-0.493793464687
HR	6.25,8.25	6460	-6.83973445812	-6.31459000841	-0.525144449713
HS	6.25,8.25	11379	-6.27359422454	-6.05768800671	-0.215906217833
HT	6.25,8.25	11160	-6.29302781896	-6.01019425833	-0.282833560636
HV	6.25,8.25	25221	-5.47768679509	-5.32584783335	-0.151838961743
HW	6.25,8.25	6221	-6.87743311038	-6.92121536013	0.0437822497523
HY	6.25,8.25	14136	-6.0566390409	-6.05655301479	-8.6026109174e-05
II	6.25,8.25	85545	-4.25632122264	-4.87357414316	0.617252920526
IK	6.25,8.25	34835	-5.15474114743	-5.03831161743	-0.116429530001
IL	6.25,8.25	242002	-3.21641778533	-3.74182017292	0.525402387593
IM	6.25,8.25	42665	-4.95198486393	-5.34185474675	0.38986988282
IN	6.25,8.25	29670	-5.31522734161	-5.2318353405	-0.0833920011144
IP	6.25,8.25	27822	-5.37953670128	-5.28324733878	-0.0962893624989
IQ	6.25,8.25	25218	-5.47780575066	-5.34613380694	-0.131671943727
IR	6.25,8.25	29905	-5.30733808542	-5.0148484936	-0.292489591816
IS	6.25,8.25	52798	-4.73889046471	-4.7579464919	0.0190560271942
IT	6.25,8.25	61601	-4.58468567174	-4.71045274352	0.125767071779
IV	6.25,8.25	168776	-3.57679138396	-4.02610631855	0.44931493459
IW	6.25,8.25	27966	-5.3743742893	-5.62147384533	0.247099556033
IY	6.25,8.25	67331	-4.49574302125	-4.75681149998	0.261068478736
KK	6.25,8.25	1185	-8.53562100133	-6.58935642596	-1.94626457537
KL	6.25,8.25	46629	-4.86314111075	-4.5997086909	-0.263432419851
KM	6.25,8.25	9438	-6.46061968261	-6.19974326472	-0.260876417893
KN	6.25,8.25	4173	-7.27672857431	-6.08972385847	-1.18700471584
KP	6.25,8.25	3635	-7.41475466493	-6.14113585675	-1.27361880818
KQ	6.25,8.25	3871	-7.35185090432	-6.20402232491	-1.14782857941
KR	6.25,8.25	3356	-7.49461398731	-5.87273701157	-1.62187697574
KS	6.25,8.25	9097	-6.49741908708	-5.61583500987	-0.881584077201
KT	6.25,8.25	9542	-6.44966066882	-5.56834126149	-0.881319407329
KV	6.25,8.25	34287	-5.17059750233	-4.88399483652	-0.286602665814
KW	6.25,8.25	6216	-6.87823716285	-6.4793623633	-0.398874799548
KY	6.25,8.25	14757	-6.01364622943	-5.61470001796	-0.398946211479
LL	6.25,8.25	204625	-3.38418474022	-3.99636691843	0.612182178205
LM	6.25,8.25	68709	-4.4754835809	-4.90325182021	0.427768239309
LN	6.25,8.25	42522	-4.95534218686	-4.79323241396	-0.162109772898
LP	6.25,8.25	42488	-4.9561420928	-4.84464441224	-0.111497680553
LQ	6.25,8.25	39393	-5.03177564037	-4.9075308804	-0.12424475997
LR	6.25,8.25	46714	-4.8613198703	-4.57624556707	-0.285074303234
LS	6.25,8.25	79628	-4.32799798612	-4.31934356537	-0.00865442075774
LT	6.25,8.25	88566	-4.22161573913	-4.27184981698	0.0502340778516
LV	6.25,8.25	254322	-3.16676259524	-3.58750339201	0.420740796774
LW	6.25,8.25	45629	-4.88482029662	-5.18287091879	0.29805062217
LY	6.25,8.25	101007	-4.09017395454	-4.31820857345	0.228034618902
MM	6.25,8.25	7808	-6.6502149268	-7.19644591547	0.546230988668
MN	6.25,8.25	9307	-6.47459697071	-6.39326698778	-0.081329982927
MP	6.25,8.25	8681	-6.54422704651	-6.44467898607	-0.0995480604401
MQ	6.25,8.25	7722	-6.66129037807	-6.50756545422	-0.15372492385
MR	6.25,8.25	9308	-6.47448953048	-6.17628014089	-0.298209389586
MS	6.25,8.25	15689	-5.95240394606	-5.91937813919	-0.0330258068753
MT	6.25,8.25	17276	-5.85604552082	-5.87188439081	0.0158388699904
MV	6.25,8.25	46034	-4.87598352201	-5.18753796583	0.311554443819
MW	6.25,8.25	9268	-6.47879616935	-6.78290549262	0.304109323271
MY	6.25,8.25	19921	-5.71358932422	-5.91824314727	0.204653823055
NN	6.25,8.25	3655	-7.40926768271	-6.97640581726	-0.432861865458
NP	6.25,8.25	6249	-6.87294232497	-6.33465957982	-0.538282745151
NQ	6.25,8.25	5315	-7.03483076412	-6.39754604798	-0.637284716146
NR	6.25,8.25	5926	-6.92601432676	-6.06626073464	-0.859753592123
NS	6.25,8.25	12894	-6.14860168903	-5.80935873294	-0.339242956086
NT	6.25,8.25	11996	-6.22079051503	-5.76186498456	-0.45892553047
NV	6.25,8.25	29497	-5.32107521266	-5.07751855958	-0.243556653072
NW	6.25,8.25	6066	-6.90266436665	-6.67288608637	-0.229778280281
NY	6.25,8.25	14530	-6.02914829833	-5.80822374102	-0.220924557311
PP	6.25,8.25	3973	-7.32584229908	-7.07923039705	-0.24661190203
PQ	6.25,8.25	4588	-7.18191957665	-6.44895804626	-0.732961530392
PR	6.25,8.25	5519	-6.99716709146	-6.11767273292	-0.879494358536
PS	6.25,8.25	10854	-6.32083010027	-5.86077073122	-0.460059369053
PT	6.25,8.25	11562	-6.25763991725	-5.81327698284	-0.444362934415
PV	6.25,8.25	31124	-5.26738455016	-5.12893055787	-0.138453992295
PW	6.25,8.25	7950	-6.63219184725	-6.72429808465	0.0921062373995
PY	6.25,8.25	17191	-5.86097778486	-5.8596357393	-0.00134204555336
QQ	6.25,8.25	2525	-7.77912271319	-7.20500408877	-0.574118624413
QR	6.25,8.25	5184	-7.05978681687	-6.18055920108	-0.879227615786
QS	6.25,8.25	9317	-6.47352308745	-5.92365719938	-0.549865888067
QT	6.25,8.25	9394	-6.46529258831	-5.876163451	-0.589129137313
QV	6.25,8.25	26424	-5.43109108783	-5.19181702602	-0.239274061803
QW	6.25,8.25	6976	-6.76288808931	-6.78718455281	0.0242964634982
QY	6.25,8.25	13018	-6.13903076076	-5.92252220746	-0.216508553304
RR	6.25,8.25	3019	-7.60043812519	-6.54242996704	-1.05800815815
RS	6.25,8.25	11522	-6.2611055246	-5.59237188604	-0.66873363856
RT	6.25,8.25	11792	-6.23794244047	-5.54487813766	-0.693064302805
RV	6.25,8.25	33375	-5.19755665919	-4.86053171269	-0.337024946506
RW	6.25,8.25	7816	-6.64919086117	-6.45589923947	-0.193291621703
RY	6.25,8.25	18197	-5.80410703058	-5.59123689413	-0.212870136458
SS	6.25,8.25	12064	-6.21513796465	-6.02862394757	-0.186514017077
ST	6.25,8.25	21332	-5.64515548318	-5.28797613596	-0.357179347214
SV	6.25,8.25	54350	-4.70991916235	-4.60362971099	-0.106289451359
SW	6.25,8.25	10720	-6.33325262027	-6.19899723777	-0.1342553825
SY	6.25,8.25	24835	-5.49310982736	-5.33433489243	-0.15877493493
TT	6.25,8.25	11052	-6.30275236885	-5.93363613157	-0.369116237289
TV	6.25,8.25	65451	-4.52406200484	-4.55613596261	0.0320739577697
TW	6.25,8.25	12121	-6.21042429043	-6.15150348939	-0.0589208010366
TY	6.25,8.25	26101	-5.44339014814	-5.28684114404	-0.1565490041
VV	6.25,8.25	101184	-4.08842313433	-4.56494002891	0.47651689458
VW	6.25,8.25	30809	-5.27755692083	-5.46715706442	0.189600143588
VY	6.25,8.25	69871	-4.45871309116	-4.60249471907	0.143781627911
WW	6.25,8.25	4625	-7.17388740495	-7.75568809416	0.581800689208
WY	6.25,8.25	16966	-5.87415243453	-6.19786224585	0.323709811323
YY	6.25,8.25	17593	-5.83786268026	-6.02635395593	0.188491275669
AA	7.25,inf	43138	-4.70693595024	-4.8586147572	0.15167880696
AC	7.25,inf	22403	-5.36214535098	-5.40004981671	0.0379044657309
AD	7.25,inf	11764	-6.00629620875	-5.42390279467	-0.582393414084
AE	7.25,inf	10866	-6.08570158131	-5.44028200684	-0.645419574468
AF	7.25,inf	61681	-4.34936428761	-4.29714567596	-0.0522186116491
AG	7.25,inf	36988	-4.86074669373	-4.83532172158	-0.0254249721465
AH	7.25,inf	10843	-6.08782051895	-5.64213561818	-0.445684900768
AI	7.25,inf	102796	-3.83859378768	-3.94518781379	0.106594026103
AK	7.25,inf	6064	-6.6689705811	-5.65329154704	-1.01567903406
AL	7.25,inf	152024	-3.44730182632	-3.53535008598	0.0880482596575
AM	7.25,inf	28670	-5.11548894955	-5.20026217994	0.0847732303929
AN	7.25,inf	11291	-6.04733428124	-5.60721922011	-0.440115061129
AP	7.25,inf	12749	-5.92588739229	-5.55633201178	-0.369555380503
AQ	7.25,inf	7760	-6.42235789525	-5.7313020168	-0.691055878448
AR	7.25,inf	7549	-6.44992512528	-5.46392281536	-0.986002309923
AS	7.25,inf	28447	-5.12329752258	-4.9452117067	-0.17808581588
AT	7.25,inf	29517	-5.08637386089	-4.89251289086	-0.193860970033
AV	7.25,inf	115378	-3.72312653479	-3.8289794097	0.105852874914
AW	7.25,inf	15986	-5.69962689024	-5.44976982857	-0.249857061664
AY	7.25,inf	30692	-5.04733819513	-4.69594405749	-0.351394137636
CC	7.25,inf	7942	-6.39917509673	-7.32780672517	0.928631628433
CD	7.25,inf	4167	-7.044143877	-6.65849122989	-0.385652647116
CE	7.25,inf	3354	-7.26118656604	-6.67487044206	-0.586316123977
CF	7.25,inf	20565	-5.44774962776	-5.53173411118	0.0839844834183
CG	7.25,inf	11708	-6.01106786061	-6.0699101568	0.0588422961872
CH	7.25,inf	5039	-6.85413257974	-6.8767240534	0.0225914736599
CI	7.25,inf	28076	-5.13642511057	-5.17977624901	0.0433511384323
CK	7.25,inf	2143	-7.70913351295	-6.88787998226	-0.821253530687
CL	7.25,inf	41034	-4.7569392381	-4.7699385212	0.0129992831019
CM	7.25,inf	9183	-6.25398628081	-6.43485061516	0.180864334348
CN	7.25,inf	4195	-7.03744688952	-6.84180765533	-0.195639234189
CP	7.25,inf	4527	-6.96128076099	-6.790920447	-0.170360313985
CQ	7.25,inf	2761	-7.45574729649	-6.96589045202	-0.489856844476
CR	7.25,inf	2994	-7.37472994344	-6.69851125058	-0.676218692864
CS	7.25,inf	10932	-6.07964596138	-6.17980014192	0.100154180547
CT	7.25,inf	8682	-6.31008831256	-6.12710132608	-0.182986986488
CV	7.25,inf	30115	-5.06631684295	-5.06356784492	-0.00274899802316
CW	7.25,inf	7212	-6.4955939241	-6.68435826379	0.188764339693
CY	7.25,inf	10644	-6.10634387633	-5.93053249271	-0.175811383617
DD	7.25,inf	2520	-7.54708132792	-7.37551319509	-0.171568132832
DE	7.25,inf	2675	-7.48739084909	-6.69872342002	-0.788667429072
DF	7.25,inf	12033	-5.98368735399	-5.55558708914	-0.42810026485
DG	7.25,inf	7670	-6.43402361406	-6.09376313476	-0.340260479306
DH	7.25,inf	4998	-6.86230239703	-6.90057703136	0.0382746343319
DI	7.25,inf	20797	-5.43653148391	-5.20362922696	-0.232902256942
DK	7.25,inf	2505	-7.55305149491	-6.91173296022	-0.641318534684
DL	7.25,inf	23367	-5.32001545884	-4.79379149916	-0.526223959679
DM	7.25,inf	5655	-6.73880011987	-6.45870359312	-0.280096526757
DN	7.25,inf	3424	-7.24053077116	-6.86566063329	-0.374870137871
DP	7.25,inf	2589	-7.52006852867	-6.81477342496	-0.705295103712
DQ	7.25,inf	2385	-7.6021411051	-6.98974342998	-0.612397675126
DR	7.25,inf	4079	-7.06548836911	-6.72236422854	-0.343124140568
DS	7.25,inf	6744	-6.56268700874	-6.20365311988	-0.359033888861
DT	7.25,inf	7174	-6.50087685033	-6.15095430403	-0.349922546297
DV	7.25,inf	21214	-5.41667888836	-5.08742082288	-0.329258065478
DW	7.25,inf	3750	-7.14958438946	-6.70821124175	-0.441373147708
DY	7.25,inf	9062	-6.2672503832	-5.95438547067	-0.31286491253
EE	7.25,inf	2022	-7.76725310884	-7.40827197957	-0.358981129278
EF	7.25,inf	13144	-5.89537484871	-5.57196630131	-0.323408547393
EG	7.25,inf	5270	-6.80930986689	-6.11014234694	-0.699167519953
EH	7.25,inf	5688	-6.73298153694	-6.91695624354	0.183974706599
EI	7.25,inf	18271	-5.56602512601	-5.22000843914	-0.34601668687
EK	7.25,inf	2291	-7.64235182597	-6.9281121724	-0.714239653571
EL	7.25,inf	23085	-5.33215717348	-4.81017071134	-0.521986462147
EM	7.25,inf	5118	-6.8385764917	-6.4750828053	-0.363493686409
EN	7.25,inf	2379	-7.60465999812	-6.88203984547	-0.722620152651
EP	7.25,inf	2682	-7.48477744458	-6.83115263714	-0.653624807443
EQ	7.25,inf	2514	-7.54946511927	-7.00612264215	-0.543342477119
ER	7.25,inf	4674	-6.92932499333	-6.73874344072	-0.190581552608
ES	7.25,inf	5159	-6.83059746718	-6.22003233206	-0.61056513512
ET	7.25,inf	6200	-6.64679093739	-6.16733351621	-0.479457421178
EV	7.25,inf	18041	-5.57869328397	-5.10380003506	-0.474893248912
EW	7.25,inf	4094	-7.0618177422	-6.72459045393	-0.337227288273
EY	7.25,inf	8762	-6.30091604005	-5.97076468285	-0.330151357204
FF	7.25,inf	47616	-4.60817139023	-5.1219842181	0.51381282787
FG	7.25,inf	27110	-5.17143756593	-4.96700601605	-0.204431549881
FH	7.25,inf	12847	-5.91822990839	-5.77381991265	-0.144409995739
FI	7.25,inf	120956	-3.67591338634	-4.07687210826	0.400958721916
FK	7.25,inf	8765	-6.30057371107	-5.78497584151	-0.515597869555
FL	7.25,inf	172026	-3.32369460126	-3.66703438045	0.343339779188
FM	7.25,inf	35509	-4.90155404396	-5.33194647441	0.430392430444
FN	7.25,inf	11667	-6.0145758856	-5.73890351458	-0.275672371016
FP	7.25,inf	13508	-5.86805812692	-5.68801630625	-0.180041820666
FQ	7.25,inf	9927	-6.17608191183	-5.86298631127	-0.313095600566
FR	7.25,inf	11413	-6.03658717287	-5.59560710983	-0.44098006304
FS	7.25,inf	25660	-5.22640687025	-5.07689600117	-0.149510869081
FT	7.25,inf	29861	-5.07478694827	-5.02419718533	-0.0505897629464
FV	7.25,inf	117993	-3.70071492877	-3.96066370417	0.259948775404
FW	7.25,inf	25450	-5.23462448645	-5.58145412304	0.346829636598
FY	7.25,inf	47258	-4.61571827766	-4.82762835196	0.211910074296
GG	7.25,inf	10445	-6.12521683443	-6.19834134738	0.0731245129434
GH	7.25,inf	7389	-6.47134782164	-6.31199595828	-0.15935186336
GI	7.25,inf	43155	-4.70654194377	-4.61504815388	-0.0914937898922
GK	7.25,inf	3540	-7.2072135023	-6.32315188714	-0.884061615161
GL	7.25,inf	57350	-4.42216738587	-4.20521042607	-0.216956959795
GM	7.25,inf	12834	-5.91924233011	-5.87012252003	-0.0491198100826
GN	7.25,inf	7022	-6.5222921517	-6.27707956021	-0.24521259149
GP	7.25,inf	7837	-6.41248412137	-6.22619235187	-0.186291769496
GQ	7.25,inf	4494	-6.96859705568	-6.40116235689	-0.567434698789
GR	7.25,inf	4898	-6.88251327091	-6.13378315545	-0.748730115459
GS	7.25,inf	17261	-5.62289060804	-5.6150720468	-0.00781856124207
GT	7.25,inf	15449	-5.73379595311	-5.56237323095	-0.171422722163
GV	7.25,inf	48765	-4.58432738702	-4.4988397498	-0.0854876372228
GW	7.25,inf	7542	-6.45085283061	-6.11963016867	-0.33122266194
GY	7.25,inf	16111	-5.69183796093	-5.36580439758	-0.326033563351
HH	7.25,inf	4122	-7.05500174697	-7.81198416034	0.756982413362
HI	7.25,inf	16397	-5.67424183817	-5.42186205048	-0.252379787692
HK	7.25,inf	1260	-8.24022850848	-7.12996578374	-1.11026272474
HL	7.25,inf	22450	-5.36004961525	-5.01202432268	-0.348025292578
HM	7.25,inf	5598	-6.74893083835	-6.67693641663	-0.0719944217138
HN	7.25,inf	3640	-7.17935654779	-7.08389345681	-0.0954630909836
HP	7.25,inf	3509	-7.21600913284	-7.03300624848	-0.183002884362
HQ	7.25,inf	2850	-7.42402123516	-7.20797625349	-0.216044981667
HR	7.25,inf	3133	-7.32934921747	-6.94059705206	-0.388752165415
HS	7.25,inf	7504	-6.45590401774	-6.4218859434	-0.0340180743389
HT	7.25,inf	6857	-6.54607020114	-6.36918712755	-0.176883073587
HV	7.25,inf	16630	-5.66013193624	-5.3056536464	-0.354478289838
HW	7.25,inf	4652	-6.93404299479	-6.92644406527	-0.00759892951612
HY	7.25,inf	9316	-6.23960687742	-6.17261829419	-0.0669885832342
II	7.25,inf	101700	-3.84931292639	-4.41806639701	0.568753470621
IK	7.25,inf	13521	-5.86709619707	-5.43301797934	-0.434078217724
IL	7.25,inf	264697	-2.89275445386	-3.31507651828	0.42232206442
IM	7.25,inf	44628	-4.67297876471	-4.97998861224	0.307009847527
IN	7.25,inf	17114	-5.63144338745	-5.38694565241	-0.244497735034
IP	7.25,inf	19954	-5.47791060495	-5.33605844408	-0.141852160869
IQ	7.25,inf	12816	-5.92064583912	-5.5110284491	-0.409617390019
IR	7.25,inf	14424	-5.80244674354	-5.24364924766	-0.558797495882
IS	7.25,inf	36876	-4.86377929651	-4.724938139	-0.138841157504
IT	7.25,inf	44658	-4.67230676684	-4.67223932316	-6.74436808019e-05
IV	7.25,inf	187261	-3.23883686378	-3.608705842	0.369868978225
IW	7.25,inf	27990	-5.13949292591	-5.22949626087	0.0900033349575
IY	7.25,inf	56965	-4.42890318529	-4.47567048979	0.0467673044965
KK	7.25,inf	330	-9.58000285396	-7.83429632236	-1.74570653161
KL	7.25,inf	15794	-5.71171010837	-5.02318025154	-0.688529856831
KM	7.25,inf	3649	-7.17688707199	-6.68809234549	-0.488794726493
KN	7.25,inf	1480	-8.07929814167	-7.09504938567	-0.984248755996
KP	7.25,inf	1368	-8.15799041024	-7.04416217734	-1.1138282329
KQ	7.25,inf	1394	-8.1391629171	-7.21913218235	-0.92003073475
KR	7.25,inf	921	-8.55363547217	-6.95175298092	-1.60188249125
KS	7.25,inf	3278	-7.28410674912	-6.43304187226	-0.851064876861
KT	7.25,inf	3650	-7.17661306185	-6.38034305641	-0.796270005435
KV	7.25,inf	13124	-5.89689761434	-5.31680957526	-0.580088039084
KW	7.25,inf	2897	-7.40766451065	-6.93759999413	-0.470064516525
KY	7.25,inf	5211	-6.82056845351	-6.18377422305	-0.636794230469
LL	7.25,inf	209847	-3.12496153569	-3.59838927015	0.473427734458
LM	7.25,inf	66087	-4.28036817364	-4.57015088443	0.289782710795
LN	7.25,inf	22004	-5.38011597443	-4.97710792461	-0.403008049823
LP	7.25,inf	27987	-5.1396001128	-4.92622071628	-0.21337939652
LQ	7.25,inf	18643	-5.54586948893	-5.10119072129	-0.444678767638
LR	7.25,inf	19574	-5.49713807444	-4.83381151985	-0.663326554585
LS	7.25,inf	51656	-4.52673387412	-4.3151004112	-0.211633462922
LT	7.25,inf	61720	-4.34873220195	-4.26240159535	-0.086330606598
LV	7.25,inf	263029	-2.89907593718	-3.1988681142	0.299792177012
LW	7.25,inf	44840	-4.66823963124	-4.81965853307	0.151418901828
LY	7.25,inf	80050	-4.08868879	-4.06583276198	-0.0228560280172
MM	7.25,inf	7488	-6.45803849027	-6.92822759559	0.470189105323
MN	7.25,inf	5477	-6.77078272364	-6.64202001857	-0.128762705075
MP	7.25,inf	5993	-6.68074810797	-6.59113281023	-0.0896152977317
MQ	7.25,inf	3810	-7.1337110403	-6.76610281525	-0.367608225054
MR	7.25,inf	4482	-6.97127085406	-6.49872361381	-0.472547240251
MS	7.25,inf	10852	-6.08699083465	-5.98001250515	-0.106978329491
MT	7.25,inf	12603	-5.93740534859	-5.92731368931	-0.0100916592784
MV	7.25,inf	45489	-4.65386969096	-4.86378020815	0.2099105172
MW	7.25,inf	9020	-6.27189589537	-6.48457062703	0.212674731658
MY	7.25,inf	16429	-5.67229216352	-5.73074485594	0.0584526924235
NN	7.25,inf	1890	-7.83476340037	-7.74215043342	-0.0926129669457
NP	7.25,inf	3563	-7.20073734282	-6.99808985041	-0.202647492409
NQ	7.25,inf	2710	-7.47439159455	-7.17305985542	-0.301331739126
NR	7.25,inf	2564	-7.52977169038	-6.90568065399	-0.624091036397
NS	7.25,inf	6875	-6.54344858589	-6.38696954533	-0.15647904056
NT	7.25,inf	6575	-6.58806565138	-6.33427072948	-0.253794921895
NV	7.25,inf	16537	-5.66573993477	-5.27073724833	-0.395002686444
NW	7.25,inf	3882	-7.1149897447	-6.8915276672	-0.223462077495
NY	7.25,inf	7493	-6.45737097806	-6.13770189612	-0.319669081944
PP	7.25,inf	2020	-7.76824271803	-7.64037471715	-0.127868000881
PQ	7.25,inf	2130	-7.71521824972	-7.12217264709	-0.593045602627
PR	7.25,inf	2317	-7.63106698399	-6.85479344566	-0.776273538336
PS	7.25,inf	6324	-6.62698831009	-6.336082337	-0.290905973096
PT	7.25,inf	7335	-6.47868281785	-6.28338352115	-0.195299296695
PV	7.25,inf	22242	-5.36935783605	-5.21985004	-0.149507796047
PW	7.25,inf	4371	-6.99634841356	-6.84064045887	-0.155707954692
PY	7.25,inf	9148	-6.25780495328	-6.08681468779	-0.170990265496
QQ	7.25,inf	1268	-8.23389937343	-7.99031948734	-0.243579886087
QR	7.25,inf	2100	-7.72940288471	-7.02976345067	-0.699639434041
QS	7.25,inf	4397	-6.99041773924	-6.51105234201	-0.479365397229
QT	7.25,inf	4776	-6.90773685335	-6.45835352617	-0.449383327184
QV	7.25,inf	13790	-5.84739653764	-5.39482004501	-0.452576492623
QW	7.25,inf	4084	-7.06426332914	-7.01561046388	-0.0486528652553
QY	7.25,inf	6787	-6.55633121172	-6.2617846928	-0.29454651892
RR	7.25,inf	1288	-8.21824960176	-7.45555412689	-0.76269547487
RS	7.25,inf	4930	-6.87600124139	-6.24367314058	-0.632328100811
RT	7.25,inf	5121	-6.83799049696	-6.19097432473	-0.647016172232
RV	7.25,inf	15177	-5.75155910546	-5.12744084358	-0.624118261888
RW	7.25,inf	3769	-7.14453051516	-6.74823126245	-0.39629925271
RY	7.25,inf	8144	-6.37405876963	-5.99440549136	-0.379653278271
SS	7.25,inf	7252	-6.49006293655	-6.41812272371	-0.0719402128391
ST	7.25,inf	13492	-5.86924331224	-5.67226321607	-0.19698009617
SV	7.25,inf	38896	-4.81044881187	-4.60872973492	-0.201719076949
SW	7.25,inf	7593	-6.44411345921	-6.22952015379	-0.214593305422
SY	7.25,inf	14938	-5.76743192751	-5.47569438271	-0.291737544802
TT	7.25,inf	7462	-6.46151675464	-6.31272439842	-0.14879235622
TV	7.25,inf	48250	-4.59494440166	-4.55603091907	-0.0389134825846
TW	7.25,inf	8333	-6.35111669404	-6.17682133794	-0.174295356099
TY	7.25,inf	15320	-5.74218106513	-5.42299556686	-0.319185498271
VV	7.25,inf	108904	-3.78087346923	-4.18564904354	0.40477557431
VW	7.25,inf	29107	-5.10036153436	-5.11328785679	0.0129263224253
VY	7.25,inf	56778	-4.43219130269	-4.35946208571	-0.0727292169824
WW	7.25,inf	4133	-7.05233669391	-7.42724783434	0.37491114043
WY	7.25,inf	13860	-5.84233323568	-5.98025250458	0.137919268896
YY	7.25,inf	11717	-6.01029945076	-5.9195844443	-0.0907150064532
