CLIQUE	DEPTH	OBS	LOG_OBS	LOG_EXP	LOG_ODD
AA	-inf,5.25	142616	-4.93631307482	-5.24804349484	0.311730420017
AC	-inf,5.25	30735	-6.47106670811	-6.4620412273	-0.00902548081132
AD	-inf,5.25	196871	-4.61392008656	-4.60749761747	-0.00642246908366
AE	-inf,5.25	215856	-4.52185725977	-4.39271383944	-0.129143420331
AF	-inf,5.25	72219	-5.61676560929	-5.44162431405	-0.175141295246
AG	-inf,5.25	225683	-4.4773374187	-4.53907965363	0.0617422349251
AH	-inf,5.25	68364	-5.67162240818	-5.56108069052	-0.110541717665
AI	-inf,5.25	111578	-5.18174488057	-5.08866999332	-0.0930748872469
AK	-inf,5.25	171828	-4.74997480199	-4.56650827294	-0.18346652905
AL	-inf,5.25	213384	-4.53337541898	-4.57766786872	0.0442924497397
AM	-inf,5.25	57169	-5.85045698504	-5.88305870234	0.0326017173063
AN	-inf,5.25	129275	-5.03452686019	-4.95336884023	-0.0811580199595
AP	-inf,5.25	146872	-4.90690731931	-4.95117914468	0.0442718253724
AQ	-inf,5.25	128041	-5.04411825334	-5.03311120282	-0.0110070505139
AR	-inf,5.25	167607	-4.77484682518	-4.71942243048	-0.0554243947028
AS	-inf,5.25	209421	-4.55212219853	-4.64932678168	0.097204583154
AT	-inf,5.25	158821	-4.82869099658	-4.77598196198	-0.0527090346097
AV	-inf,5.25	155097	-4.85241805083	-4.81647475407	-0.0359432967666
AW	-inf,5.25	28977	-6.5299663666	-6.3772339272	-0.152732439405
AY	-inf,5.25	75886	-5.56723656431	-5.34998212281	-0.217254441499
CC	-inf,5.25	11258	-7.47538979143	-9.06235568159	1.58696589017
CD	-inf,5.25	30539	-6.47746422316	-6.51464542175	0.0371811985929
CE	-inf,5.25	29887	-6.49904517523	-6.29986164372	-0.199183531507
CF	-inf,5.25	10239	-7.57026481988	-7.34877211833	-0.221492701549
CG	-inf,5.25	39150	-6.22906835603	-6.44622745791	0.217159101876
CH	-inf,5.25	13382	-7.30255825811	-7.46822849479	0.165670236687
CI	-inf,5.25	16372	-7.10089621984	-6.9958177976	-0.105078422237
CK	-inf,5.25	27802	-6.57136081791	-6.47365607722	-0.0977047406974
CL	-inf,5.25	26556	-6.61721306761	-6.484815673	-0.132397394613
CM	-inf,5.25	7979	-7.81965568814	-7.79020650662	-0.0294491815213
CN	-inf,5.25	23880	-6.72342748994	-6.8605166445	0.13708915456
CP	-inf,5.25	27234	-6.59200258577	-6.85832694896	0.266324363195
CQ	-inf,5.25	18315	-6.98874838224	-6.9402590071	-0.0484893751359
CR	-inf,5.25	23328	-6.74681442264	-6.62657023476	-0.120244187884
CS	-inf,5.25	37499	-6.27215451251	-6.55647458596	0.284320073445
CT	-inf,5.25	25117	-6.67292387075	-6.68312976625	0.010205895501
CV	-inf,5.25	20769	-6.8630072881	-6.72362255834	-0.139384729761
CW	-inf,5.25	4598	-8.37084735213	-8.28438173148	-0.0864656206514
CY	-inf,5.25	12649	-7.3588906178	-7.25712992709	-0.101760690716
DD	-inf,5.25	90282	-5.39353067346	-5.3532520399	-0.0402786335616
DE	-inf,5.25	207745	-4.56015741241	-4.44531803389	-0.114839378519
DF	-inf,5.25	81410	-5.49697066288	-5.4942285085	-0.00274215438267
DG	-inf,5.25	187384	-4.66330879118	-4.59168384808	-0.071624943097
DH	-inf,5.25	77195	-5.55013409037	-5.61368488497	0.0635507945934
DI	-inf,5.25	121721	-5.0947372379	-5.14127418778	0.0465369498785
DK	-inf,5.25	234846	-4.43753879829	-4.61911246739	0.181573669101
DL	-inf,5.25	195930	-4.61871132589	-4.63027206317	0.0115607372866
DM	-inf,5.25	55247	-5.88465473819	-5.93566289679	0.0510081586072
DN	-inf,5.25	141971	-4.94084596708	-5.00597303468	0.0651270676017
DP	-inf,5.25	140952	-4.94804937158	-5.00378333913	0.055733967554
DQ	-inf,5.25	125286	-5.06586965465	-5.08571539728	0.0198457426228
DR	-inf,5.25	198997	-4.60317902923	-4.77202662493	0.168847595697
DS	-inf,5.25	188730	-4.65615135622	-4.70193097613	0.0457796199142
DT	-inf,5.25	165051	-4.79021426142	-4.82858615643	0.0383718950089
DV	-inf,5.25	152676	-4.86815074952	-4.86907894852	0.000928198997482
DW	-inf,5.25	33967	-6.37107931341	-6.42983812165	0.0587588082362
DY	-inf,5.25	99976	-5.29153862128	-5.40258631726	0.111047695976
EE	-inf,5.25	144150	-4.92561435438	-4.92368389482	-0.00193045956101
EF	-inf,5.25	94876	-5.34389800262	-5.27944473047	-0.0644532721541
EG	-inf,5.25	200329	-4.59650776345	-4.37690007005	-0.2196076934
EH	-inf,5.25	88718	-5.41100597851	-5.39890110694	-0.0121048715741
EI	-inf,5.25	146607	-4.90871324118	-4.92649040974	0.0177771685659
EK	-inf,5.25	307310	-4.16861176837	-4.40432868936	0.235716920988
EL	-inf,5.25	243969	-4.39942761043	-4.41548828514	0.0160606747151
EM	-inf,5.25	66426	-5.70038023236	-5.72087911876	0.0204988864012
EN	-inf,5.25	157762	-4.83538121021	-4.79118925665	-0.0441919535621
EP	-inf,5.25	153595	-4.86214951037	-4.7889995611	-0.0731499492642
EQ	-inf,5.25	151236	-4.87762724782	-4.87093161924	-0.00669562858009
ER	-inf,5.25	266358	-4.31162750989	-4.5572428469	0.245615337012
ES	-inf,5.25	201338	-4.59148369066	-4.4871471981	-0.10433649256
ET	-inf,5.25	181361	-4.69597925839	-4.6138023784	-0.0821768799932
EV	-inf,5.25	175075	-4.73125432493	-4.65429517049	-0.0769591544397
EW	-inf,5.25	39552	-6.21885251663	-6.21505434362	-0.00379817301391
EY	-inf,5.25	114533	-5.15560578739	-5.18780253923	0.0321967518387
FF	-inf,5.25	18034	-7.00420991339	-7.02150940325	0.017299489864
FG	-inf,5.25	73482	-5.5994283002	-5.42581054466	-0.173617755543
FH	-inf,5.25	31503	-6.44638599908	-6.44781158154	0.00142558246855
FI	-inf,5.25	47259	-6.04082566648	-5.97540088435	-0.0654247821242
FK	-inf,5.25	82915	-5.4786527918	-5.45323916397	-0.0254136278357
FL	-inf,5.25	78141	-5.53795389138	-5.46439875975	-0.073555131631
FM	-inf,5.25	24985	-6.67819313367	-6.76978959337	0.0915964596993
FN	-inf,5.25	57955	-5.83680193113	-5.84009973125	0.00329780012723
FP	-inf,5.25	60125	-5.80004305004	-5.83791003571	0.0378669856687
FQ	-inf,5.25	51757	-5.94990908977	-5.91984209385	-0.0300669959177
FR	-inf,5.25	69470	-5.65557377376	-5.60615332151	-0.0494204522553
FS	-inf,5.25	75085	-5.57784797334	-5.53605767271	-0.0417903006265
FT	-inf,5.25	64764	-5.72571888504	-5.662712853	-0.0630060320404
FV	-inf,5.25	59768	-5.80599837779	-5.70320564509	-0.1027927327
FW	-inf,5.25	12581	-7.3642810391	-7.26396481823	-0.100316220873
FY	-inf,5.25	38982	-6.23336877734	-6.23671301384	0.00334423649561
GG	-inf,5.25	104680	-5.24556070081	-5.21641591069	-0.0291447901142
GH	-inf,5.25	69480	-5.6554298371	-5.54526692113	-0.11016291597
GI	-inf,5.25	112083	-5.1772291102	-5.07285622393	-0.104372886269
GK	-inf,5.25	180179	-4.70251797727	-4.55069450355	-0.151823473718
GL	-inf,5.25	190600	-4.64629178725	-4.56185409933	-0.0844376879179
GM	-inf,5.25	53457	-5.91759118605	-5.86724493295	-0.0503462531025
GN	-inf,5.25	133461	-5.00265947814	-4.93755507084	-0.0651044073034
GP	-inf,5.25	147130	-4.90515222876	-4.93536537529	0.0302131465336
GQ	-inf,5.25	113441	-5.16518590049	-5.01729743343	-0.147888467057
GR	-inf,5.25	153670	-4.8616613324	-4.70360866109	-0.158052671312
GS	-inf,5.25	209893	-4.54987090141	-4.63351301229	0.0836421108788
GT	-inf,5.25	167047	-4.77819356852	-4.76016819258	-0.0180253759374
GV	-inf,5.25	155678	-4.84867900698	-4.80066098468	-0.0480180223032
GW	-inf,5.25	30105	-6.49177750755	-6.36142015781	-0.130357349744
GY	-inf,5.25	89319	-5.40425454726	-5.33416835342	-0.0700861938415
HH	-inf,5.25	25501	-6.65775111139	-7.26042304662	0.602671935232
HI	-inf,5.25	41499	-6.17079944791	-6.09485726082	-0.0759421870873
HK	-inf,5.25	68280	-5.67285188054	-5.57269554043	-0.100156340107
HL	-inf,5.25	73309	-5.60178539403	-5.58385513622	-0.0179302578123
HM	-inf,5.25	22487	-6.78353141401	-6.88924596984	0.105714555826
HN	-inf,5.25	50438	-5.97572391923	-5.95955610772	-0.0161678115054
HP	-inf,5.25	56565	-5.86107835909	-5.95736641218	0.0962880530892
HQ	-inf,5.25	47935	-6.02662285194	-6.03929847032	0.0126756183809
HR	-inf,5.25	65415	-5.71571718851	-5.72560969798	0.00989250947077
HS	-inf,5.25	66810	-5.69461600853	-5.65551404918	-0.0391019593533
HT	-inf,5.25	59762	-5.806098771	-5.78216922947	-0.0239295415302
HV	-inf,5.25	52774	-5.93045013328	-5.82266202156	-0.107788111717
HW	-inf,5.25	12675	-7.35683722899	-7.38342119469	0.0265839657035
HY	-inf,5.25	37690	-6.26707397119	-6.35616939031	0.0890954191162
II	-inf,5.25	39969	-6.20836462482	-6.31559867483	0.107234050004
IK	-inf,5.25	129733	-5.0309902862	-5.10028484324	0.0692945570409
IL	-inf,5.25	119315	-5.11470172382	-5.11144443902	-0.00325728479845
IM	-inf,5.25	35067	-6.33920826117	-6.41683527265	0.0776270114722
IN	-inf,5.25	92557	-5.36864410752	-5.48714541053	0.118501303013
IP	-inf,5.25	85594	-5.44685359124	-5.48495571499	0.0381021237512
IQ	-inf,5.25	73003	-5.60596824227	-5.56688777313	-0.0390804691464
IR	-inf,5.25	93681	-5.3565733846	-5.25319900078	-0.103374383815
IS	-inf,5.25	116963	-5.134611133	-5.18310335198	0.0484922189839
IT	-inf,5.25	98792	-5.30345214865	-5.30975853228	0.00630638362597
IV	-inf,5.25	88194	-5.41692984498	-5.35025132437	-0.0666785206107
IW	-inf,5.25	14788	-7.20265273739	-6.9110104975	-0.291642239892
IY	-inf,5.25	53425	-5.91818997726	-5.88375869311	-0.0344312841503
KK	-inf,5.25	109467	-5.2008456445	-5.27127322845	0.0704275839533
KL	-inf,5.25	197162	-4.61244305264	-4.58928271864	-0.0231603339981
KM	-inf,5.25	54347	-5.90107936422	-5.89467355226	-0.00640581195547
KN	-inf,5.25	153313	-4.86398719514	-4.96498369014	0.100996495002
KP	-inf,5.25	123833	-5.07753489477	-4.9627939946	-0.114740900171
KQ	-inf,5.25	123270	-5.0820917069	-5.04472605274	-0.037365654163
KR	-inf,5.25	140820	-4.94898629938	-4.7310372804	-0.217949018979
KS	-inf,5.25	176985	-4.72040379525	-4.6609416316	-0.0594621636491
KT	-inf,5.25	156856	-4.84114059146	-4.78759681189	-0.0535437795621
KV	-inf,5.25	145825	-4.91406150583	-4.82808960398	-0.0859719018446
KW	-inf,5.25	32283	-6.42192800258	-6.38884877712	-0.0330792254657
KY	-inf,5.25	105896	-5.23401129806	-5.36159697273	0.12758567467
LL	-inf,5.25	111042	-5.18656027034	-5.29359245284	0.107032182495
LM	-inf,5.25	57998	-5.83606025128	-5.90583314804	0.0697728967689
LN	-inf,5.25	137798	-4.97067993378	-4.97614328593	0.00546335214512
LP	-inf,5.25	152590	-4.86871419256	-4.97395359038	0.105239397819
LQ	-inf,5.25	135850	-4.9849174426	-5.05588564852	0.0709682059287
LR	-inf,5.25	173294	-4.74147920439	-4.74219687618	0.000717671791886
LS	-inf,5.25	197116	-4.61267639054	-4.67210122738	0.0594248368452
LT	-inf,5.25	158154	-4.83289953659	-4.79875640768	-0.0341431289167
LV	-inf,5.25	149735	-4.88760171343	-4.83924919977	-0.0483525136679
LW	-inf,5.25	28604	-6.54292221028	-6.4000083729	-0.142913837383
LY	-inf,5.25	85813	-5.4442982683	-5.37275656851	-0.0715416997902
MM	-inf,5.25	9678	-7.6266135101	-7.90438207419	0.277768564097
MN	-inf,5.25	40055	-6.2062152688	-6.28153411955	0.0753188507482
MP	-inf,5.25	39215	-6.2274094518	-6.27934442401	0.051934972202
MQ	-inf,5.25	37392	-6.27501200067	-6.36127648215	0.086264481475
MR	-inf,5.25	45406	-6.08082452356	-6.0475877098	-0.03323681376
MS	-inf,5.25	53813	-5.9109537048	-5.977492061	0.0665383562021
MT	-inf,5.25	43687	-6.11941820346	-6.1041472413	-0.0152709621631
MV	-inf,5.25	41211	-6.17776356746	-6.14464003339	-0.0331235340682
MW	-inf,5.25	8454	-7.76182907632	-7.70539920652	-0.0564298698026
MY	-inf,5.25	26443	-6.62147730547	-6.67814740213	0.0566700966585
NN	-inf,5.25	63452	-5.74618506392	-6.04499574467	0.298810680749
NP	-inf,5.25	99489	-5.29642169318	-5.34965456189	0.0532328687101
NQ	-inf,5.25	93572	-5.35773758504	-5.43158662003	0.0738490349934
NR	-inf,5.25	108986	-5.20524934486	-5.11789784769	-0.0873514971691
NS	-inf,5.25	140859	-4.94870938842	-5.04780219889	0.0990928104638
NT	-inf,5.25	123676	-5.07880353568	-5.17445737918	0.0956538435027
NV	-inf,5.25	105697	-5.23589226821	-5.21495017127	-0.0209420969364
NW	-inf,5.25	23752	-6.72880204101	-6.7757093444	0.0469073033976
NY	-inf,5.25	74153	-5.59033825217	-5.74845754002	0.158119287843
PP	-inf,5.25	58917	-5.82033910467	-6.04061634416	0.220277239497
PQ	-inf,5.25	89795	-5.398939484	-5.42939692449	0.0304574404888
PR	-inf,5.25	116350	-5.13986588872	-5.11570815214	-0.0241577365776
PS	-inf,5.25	139419	-4.95898499101	-5.04561250334	0.0866275123359
PT	-inf,5.25	120716	-5.10302809908	-5.17226768364	0.0692395845538
PV	-inf,5.25	115979	-5.14305963823	-5.21276047573	0.0697008374952
PW	-inf,5.25	25413	-6.66120792435	-6.77351964886	0.11231172451
PY	-inf,5.25	70737	-5.63750000441	-5.74626784447	0.10876784006
QQ	-inf,5.25	49239	-5.99978278605	-6.20448082736	0.204698041305
QR	-inf,5.25	114811	-5.15318148036	-5.19764021028	0.0444587299257
QS	-inf,5.25	120054	-5.10852713691	-5.12754456148	0.019017424579
QT	-inf,5.25	103813	-5.25387757473	-5.25419974178	0.00032216704806
QV	-inf,5.25	93202	-5.36169959778	-5.29469253387	-0.0670070639098
QW	-inf,5.25	23716	-6.73031885262	-6.855451707	0.125132854379
QY	-inf,5.25	60723	-5.79014623949	-5.82819990261	0.038053663126
RR	-inf,5.25	79398	-5.52199559945	-5.57710202682	0.0551064273723
RS	-inf,5.25	148309	-4.89717084337	-4.81385578914	-0.0833150542299
RT	-inf,5.25	131908	-5.01436406858	-4.94051096943	-0.0738530991404
RV	-inf,5.25	125845	-5.06141778751	-4.98100376153	-0.0804140259877
RW	-inf,5.25	29783	-6.50253101754	-6.54176293466	0.0392319171225
RY	-inf,5.25	79439	-5.52147934693	-5.51451113027	-0.00696821665863
SS	-inf,5.25	115625	-5.14611658264	-5.4369104985	0.290793915861
ST	-inf,5.25	164132	-4.79579779634	-4.87041532064	0.0746175243001
SV	-inf,5.25	147859	-4.90020966152	-4.91090811273	0.0106984512105
SW	-inf,5.25	27977	-6.56508603442	-6.47166728586	-0.0934187485626
SY	-inf,5.25	89047	-5.40730445824	-5.44441548147	0.0371110232312
TT	-inf,5.25	82448	-5.48430098688	-5.69022128814	0.205920301259
TV	-inf,5.25	131843	-5.01485695771	-5.03756329302	0.0227063353092
TW	-inf,5.25	24801	-6.68558480353	-6.59832246615	-0.0872623373766
TY	-inf,5.25	74477	-5.58597842558	-5.57107066176	-0.0149077638163
VV	-inf,5.25	62744	-5.75740582256	-5.77120702136	0.013801198806
VW	-inf,5.25	21346	-6.83560440998	-6.63881525824	-0.196789151733
VY	-inf,5.25	64979	-5.7224046377	-5.61156345385	-0.110841183841
WW	-inf,5.25	3548	-8.63008471402	-8.8927394983	0.262654784283
WY	-inf,5.25	15653	-7.14580618656	-7.17232262699	0.0265164404249
YY	-inf,5.25	24366	-6.70328006054	-6.83822440625	0.134944345716
AA	4.25,6.25	174340	-4.88064428179	-5.1332992998	0.252655018012
AC	4.25,6.25	58870	-5.96632007433	-6.16134736202	0.195027287688
AD	4.25,6.25	189980	-4.79473289391	-4.65230352943	-0.142429364477
AE	4.25,6.25	213465	-4.67817881257	-4.45736963567	-0.2208091769
AF	4.25,6.25	128344	-5.18693753832	-5.18100417056	-0.00593336776003
AG	4.25,6.25	217994	-4.6571841579	-4.54558935088	-0.111594807017
AH	4.25,6.25	82406	-5.62999344757	-5.56332827693	-0.0666651706436
AI	4.25,6.25	204500	-4.72108372189	-4.81305226993	0.0919685480363
AK	4.25,6.25	171009	-4.89993551068	-4.63608786352	-0.26384764716
AL	4.25,6.25	364869	-4.14211331232	-4.31968177771	0.177568465393
AM	4.25,6.25	84129	-5.60930036225	-5.74674406615	0.137443703902
AN	4.25,6.25	136597	-5.12461671241	-4.99093468436	-0.133682028055
AP	4.25,6.25	135671	-5.13141886008	-4.99479307371	-0.136625786368
AQ	4.25,6.25	129482	-5.17810982203	-5.07772872335	-0.100381098684
AR	4.25,6.25	173818	-4.88364292259	-4.7710846742	-0.112558248388
AS	4.25,6.25	228977	-4.60803013554	-4.65161908425	0.0435889487084
AT	4.25,6.25	188198	-4.80415709727	-4.7555743215	-0.0485827757683
AV	4.25,6.25	256735	-4.49360727286	-4.57555297482	0.0819457019563
AW	4.25,6.25	48689	-6.15619856549	-6.19847562796	0.0422770624695
AY	4.25,6.25	124199	-5.21976657944	-5.22129300223	0.00152642278971
CC	4.25,6.25	24386	-6.84764250024	-8.5757058656	1.72806336537
CD	4.25,6.25	46822	-6.19529851944	-6.37350121185	0.178202692412
CE	4.25,6.25	45477	-6.22444499373	-6.17856731808	-0.045877675644
CF	4.25,6.25	24838	-6.82927695885	-6.90220185298	0.0729248941303
CG	4.25,6.25	58051	-5.98032976285	-6.26678703329	0.286457270446
CH	4.25,6.25	23460	-6.88635485415	-7.28452595934	0.398171105196
CI	4.25,6.25	37200	-6.42534293609	-6.53424995234	0.108907016246
CK	4.25,6.25	42000	-6.30398207909	-6.35728554593	0.0533034668401
CL	4.25,6.25	59742	-5.95161640674	-6.04087946013	0.0892630533887
CM	4.25,6.25	17220	-7.19558019837	-7.46794174856	0.272361550189
CN	4.25,6.25	37574	-6.41533937553	-6.71213236677	0.29679299124
CP	4.25,6.25	40299	-6.34532504262	-6.71599075612	0.370665713497
CQ	4.25,6.25	30101	-6.63709330358	-6.79892640576	0.161833102184
CR	4.25,6.25	38589	-6.38868443561	-6.49228235661	0.103597921003
CS	4.25,6.25	61173	-5.92794578167	-6.37281676667	0.444870984993
CT	4.25,6.25	44605	-6.24380573701	-6.47677200392	0.232966266908
CV	4.25,6.25	46223	-6.20817418767	-6.29675065723	0.0885764695642
CW	4.25,6.25	10506	-7.68970517484	-7.91967331037	0.229968135529
CY	4.25,6.25	29119	-6.67026081529	-6.94249068464	0.272229869345
DD	4.25,6.25	64667	-5.87240067235	-5.55760757603	-0.314793096318
DE	4.25,6.25	138310	-5.11215415474	-4.6695234855	-0.44263066924
DF	4.25,6.25	116402	-5.28460198009	-5.39315802039	0.108556040298
DG	4.25,6.25	137275	-5.11966548421	-4.75774320071	-0.361922283501
DH	4.25,6.25	71687	-5.76934227722	-5.77548212676	0.00613984953295
DI	4.25,6.25	173670	-4.88449475061	-5.02520611975	0.140711369139
DK	4.25,6.25	160881	-4.96098673612	-4.84824171334	-0.112745022772
DL	4.25,6.25	271645	-4.43715563058	-4.53183562754	0.0946799969588
DM	4.25,6.25	62930	-5.89962869983	-5.95889791598	0.0592692161413
DN	4.25,6.25	109953	-5.34159869562	-5.20308853418	-0.138510161433
DP	4.25,6.25	98099	-5.45567452453	-5.20694692353	-0.248727600999
DQ	4.25,6.25	92013	-5.51972182596	-5.28988257318	-0.229839252783
DR	4.25,6.25	156957	-4.98567981489	-4.98323852402	-0.00244129086413
DS	4.25,6.25	151198	-5.02306146123	-4.86377293408	-0.159288527149
DT	4.25,6.25	147058	-5.05082463059	-4.96772817133	-0.0830964592597
DV	4.25,6.25	200781	-4.73943693555	-4.78770682464	0.0482698890975
DW	4.25,6.25	46049	-6.21194565043	-6.41062947778	0.198683827349
DY	4.25,6.25	127520	-5.19337848233	-5.43344685205	0.240068369721
EE	4.25,6.25	90570	-5.53552866499	-5.1677392543	-0.367789410686
EF	4.25,6.25	134685	-5.13871297873	-5.19822412663	0.0595111478943
EG	4.25,6.25	129504	-5.17793992868	-4.56280930694	-0.615130621736
EH	4.25,6.25	77574	-5.69041937787	-5.58054823299	-0.109871144879
EI	4.25,6.25	204600	-4.72059484386	-4.83027222599	0.109677382133
EK	4.25,6.25	200324	-4.74171564161	-4.65330781958	-0.0884078220308
EL	4.25,6.25	329466	-4.2441785354	-4.33690173378	0.0927231983757
EM	4.25,6.25	72570	-5.75710008408	-5.76396402221	0.00686393812832
EN	4.25,6.25	112272	-5.32072719886	-5.00815464042	-0.312572558446
EP	4.25,6.25	98636	-5.45021539084	-5.01201302977	-0.438202361069
EQ	4.25,6.25	107732	-5.36200503571	-5.09494867941	-0.267056356297
ER	4.25,6.25	199890	-4.74388448213	-4.78830463026	0.0444201481297
ES	4.25,6.25	155511	-4.99493522871	-4.66883904032	-0.326096188391
ET	4.25,6.25	157030	-4.98521482748	-4.77279427756	-0.212420549911
EV	4.25,6.25	232092	-4.59451785259	-4.59277293088	-0.00174492170878
EW	4.25,6.25	53888	-6.05474387875	-6.21569558402	0.160951705266
EY	4.25,6.25	142959	-5.07909382151	-5.23851295829	0.159419136778
FF	4.25,6.25	37177	-6.42596140688	-6.61501095978	0.189049552898
FG	4.25,6.25	101335	-5.4232198374	-5.28644384184	-0.136775995564
FH	4.25,6.25	52061	-6.08923558939	-6.30418276789	0.214947178502
FI	4.25,6.25	101731	-5.41931962267	-5.55390676088	0.13458713821
FK	4.25,6.25	119021	-5.26235174924	-5.37694235447	0.114590605231
FL	4.25,6.25	164450	-4.93904512474	-5.06053626867	0.121491143933
FM	4.25,6.25	44286	-6.25098309736	-6.48759855711	0.236615459749
FN	4.25,6.25	85967	-5.58768819569	-5.73178917531	0.144100979622
FP	4.25,6.25	82278	-5.63154794013	-5.73564756467	0.104099624538
FQ	4.25,6.25	78147	-5.68306002896	-5.81858321431	0.135523185348
FR	4.25,6.25	104664	-5.39089647816	-5.51193916515	0.12104268699
FS	4.25,6.25	116511	-5.28366600822	-5.39247357521	0.108807566985
FT	4.25,6.25	107763	-5.36171732602	-5.49642881246	0.134711486444
FV	4.25,6.25	122776	-5.2312901405	-5.31640746577	0.0851173252739
FW	4.25,6.25	27037	-6.7444453991	-6.93933011891	0.194884719815
FY	4.25,6.25	75817	-5.71332915546	-5.96214749318	0.248818337718
GG	4.25,6.25	84901	-5.60016582556	-5.34417891363	-0.255986911928
GH	4.25,6.25	62566	-5.90542969781	-5.6687679482	-0.236661749602
GI	4.25,6.25	153943	-5.00506929334	-4.9184919412	-0.0865773521445
GK	4.25,6.25	117360	-5.27640556354	-4.74152753479	-0.534878028748
GL	4.25,6.25	252856	-4.50883154064	-4.42512144899	-0.0837100916568
GM	4.25,6.25	58486	-5.97286428802	-5.85218373742	-0.120680550593
GN	4.25,6.25	105131	-5.3864445058	-5.09637435563	-0.290070150169
GP	4.25,6.25	102505	-5.4117401195	-5.10023274498	-0.311507374515
GQ	4.25,6.25	83209	-5.62029618232	-5.18316839462	-0.437127787696
GR	4.25,6.25	115994	-5.28811323174	-4.87652434547	-0.411588886271
GS	4.25,6.25	168235	-4.91628988587	-4.75705875553	-0.159231130343
GT	4.25,6.25	145030	-5.0647110798	-4.86101399278	-0.203697087025
GV	4.25,6.25	193920	-4.77420599449	-4.68099264609	-0.0932133484012
GW	4.25,6.25	40551	-6.3390912562	-6.30391529923	-0.0351759569728
GY	4.25,6.25	110375	-5.33776803845	-5.3267326735	-0.0110353649499
HH	4.25,6.25	21426	-6.97704655953	-7.37966155576	0.402614996229
HI	4.25,6.25	68917	-5.80874881539	-5.93623086725	0.12748205186
HK	4.25,6.25	60215	-5.94373020666	-5.75926646084	-0.184463745821
HL	4.25,6.25	114016	-5.30531290795	-5.44286037504	0.137547467088
HM	4.25,6.25	28966	-6.67552896899	-6.86992266347	0.194393694478
HN	4.25,6.25	48418	-6.16178005196	-6.11411328168	-0.0476667702834
HP	4.25,6.25	50635	-6.11700866059	-6.11797167103	0.000963010442923
HQ	4.25,6.25	44652	-6.24275259822	-6.20090732067	-0.0418452775475
HR	4.25,6.25	62908	-5.89997835574	-5.89426327152	-0.0057150842232
HS	4.25,6.25	68254	-5.81841565697	-5.77479768158	-0.0436179753908
HT	4.25,6.25	66499	-5.84446478742	-5.87875291883	0.0342881314076
HV	4.25,6.25	82911	-5.62388395405	-5.69873157214	0.0748476180944
HW	4.25,6.25	20384	-7.02690141798	-7.32165422528	0.294752807297
HY	4.25,6.25	54820	-6.0375966065	-6.34447159955	0.306874993051
II	4.25,6.25	85216	-5.59646248774	-5.87910558302	0.282643095276
IK	4.25,6.25	182119	-4.83699137781	-5.00899045384	0.171999076029
IL	4.25,6.25	254359	-4.50290504242	-4.69258436803	0.189679325616
IM	4.25,6.25	64819	-5.87005292712	-6.11964665647	0.249593729352
IN	4.25,6.25	134472	-5.14029569844	-5.36383727467	0.223541576232
IP	4.25,6.25	116656	-5.28242226431	-5.36769566403	0.0852733997183
IQ	4.25,6.25	110242	-5.33897374804	-5.45063131367	0.111657565631
IR	4.25,6.25	143671	-5.07412573398	-5.14398726452	0.0698615305376
IS	4.25,6.25	179967	-4.84887819662	-5.02452167457	0.175643477948
IT	4.25,6.25	162109	-4.95338274889	-5.12847691182	0.175094162932
IV	4.25,6.25	189942	-4.79493293497	-4.94845556514	0.153522630164
IW	4.25,6.25	33461	-6.53127111583	-6.57137821828	0.0401071024465
IY	4.25,6.25	110763	-5.33425891385	-5.59419559254	0.259936678698
KK	4.25,6.25	70508	-5.78592551882	-5.52517619568	-0.260749323132
KL	4.25,6.25	271753	-4.43675813187	-4.51561996162	0.0788618297492
KM	4.25,6.25	60956	-5.93149940495	-5.94268225006	0.0111828451126
KN	4.25,6.25	110134	-5.33995389114	-5.18687286826	-0.15308102288
KP	4.25,6.25	82421	-5.62981143856	-5.19073125762	-0.439080180941
KQ	4.25,6.25	89989	-5.54196425673	-5.27366690726	-0.268297349476
KR	4.25,6.25	106555	-5.3729904136	-4.96702285811	-0.405967555497
KS	4.25,6.25	138963	-5.10744398673	-4.84755726816	-0.259886718565
KT	4.25,6.25	138044	-5.11407922246	-4.95151250541	-0.162566717044
KV	4.25,6.25	194418	-4.77164121704	-4.77149115873	-0.000150058314168
KW	4.25,6.25	44355	-6.2494262554	-6.39441381187	0.144987556465
KY	4.25,6.25	132822	-5.1526418114	-5.41723118613	0.264589374734
LL	4.25,6.25	229373	-4.60630219795	-4.89236321913	0.286061021182
LM	4.25,6.25	103269	-5.40431446309	-5.62627616426	0.221961701165
LN	4.25,6.25	193437	-4.77669981931	-4.87046678246	0.0937669631504
LP	4.25,6.25	198743	-4.74963916458	-4.87432517182	0.124686007231
LQ	4.25,6.25	195285	-4.76719166736	-4.95726082146	0.190069154101
LR	4.25,6.25	252009	-4.51218689621	-4.65061677231	0.138429876091
LS	4.25,6.25	293146	-4.36098091895	-4.53115118236	0.170170263412
LT	4.25,6.25	253556	-4.50606699144	-4.63510641961	0.129039428169
LV	4.25,6.25	306447	-4.31660687701	-4.45508507292	0.13847819591
LW	4.25,6.25	59677	-5.95270501084	-6.07800772606	0.125302715226
LY	4.25,6.25	169056	-4.91142167639	-5.10082510033	0.189403423941
MM	4.25,6.25	14940	-7.33760951767	-7.74649464425	0.40888512658
MN	4.25,6.25	47258	-6.1860297456	-6.2975290709	0.111499325301
MP	4.25,6.25	44727	-6.24107435126	-6.30138746025	0.0603131089912
MQ	4.25,6.25	43262	-6.27437704583	-6.38432310989	0.109946064059
MR	4.25,6.25	55458	-6.02602571986	-6.07767906074	0.0516533408771
MS	4.25,6.25	64932	-5.86831112892	-5.95821347079	0.0899023418696
MT	4.25,6.25	59064	-5.96303009562	-6.06216870804	0.0991386124278
MV	4.25,6.25	74433	-5.73175230549	-5.88214736136	0.150395055874
MW	4.25,6.25	15336	-7.31144869163	-7.5050700145	0.193621322869
MY	4.25,6.25	44583	-6.24429907693	-6.52788738877	0.283588311839
NN	4.25,6.25	50868	-6.11241765521	-6.23487110149	0.122453446276
NP	4.25,6.25	76568	-5.70347246248	-5.54557807846	-0.157894384024
NQ	4.25,6.25	75196	-5.72155365932	-5.6285137281	-0.0930399312241
NR	4.25,6.25	91114	-5.52954022764	-5.32186967895	-0.207670548691
NS	4.25,6.25	122201	-5.23598446736	-5.202404089	-0.0335803783628
NT	4.25,6.25	114762	-5.29879127874	-5.30635932625	0.00756804751349
NV	4.25,6.25	142794	-5.08024866516	-5.12633797957	0.046089314408
NW	4.25,6.25	33286	-6.53651480921	-6.7492606327	0.212745823496
NY	4.25,6.25	94866	-5.48918632782	-5.77207800697	0.282891679156
PP	4.25,6.25	42620	-6.2893280707	-6.24258789656	-0.046740174146
PQ	4.25,6.25	66003	-5.85195150183	-5.63237211745	-0.219579384384
PR	4.25,6.25	90697	-5.53412741687	-5.3257280683	-0.208399348575
PS	4.25,6.25	112130	-5.3219927849	-5.20626247835	-0.115730306547
PT	4.25,6.25	104546	-5.39202453144	-5.3102177156	-0.0818068158332
PV	4.25,6.25	144909	-5.06554573817	-5.13019636892	0.0646506307442
PW	4.25,6.25	35892	-6.46113726794	-6.75311902206	0.291981754121
PY	4.25,6.25	90621	-5.5349657231	-5.77593639633	0.240970673223
QQ	4.25,6.25	37154	-6.4265802604	-6.40845956319	-0.0181206972148
QR	4.25,6.25	92568	-5.5137081878	-5.40866371794	-0.105044469859
QS	4.25,6.25	100606	-5.43043979934	-5.28919812799	-0.141241671344
QT	4.25,6.25	98921	-5.44733014559	-5.39315336524	-0.0541767803472
QV	4.25,6.25	128465	-5.18599520368	-5.21313201856	0.0271368148805
QW	4.25,6.25	33486	-6.53052425634	-6.8360546717	0.30553041536
QY	4.25,6.25	80013	-5.6594625759	-5.85887204597	0.199409470067
RR	4.25,6.25	63375	-5.89258223546	-5.79517024598	-0.0974119894839
RS	4.25,6.25	131103	-5.16566842357	-4.98255407884	-0.183114344727
RT	4.25,6.25	130294	-5.17185826189	-5.08650931609	-0.0853489457921
RV	4.25,6.25	178692	-4.85598804398	-4.90648796941	0.0504999254309
RW	4.25,6.25	45139	-6.23190507953	-6.52941062255	0.297505543018
RY	4.25,6.25	107013	-5.36870137496	-5.55222799682	0.183526621852
SS	4.25,6.25	102137	-5.41533664804	-5.55623868361	0.140902035572
ST	4.25,6.25	160202	-4.96521617842	-4.96704372615	0.00182754772529
SV	4.25,6.25	211595	-4.68697762716	-4.78702237946	0.100044752305
SW	4.25,6.25	42657	-6.28846031029	-6.4099450326	0.121484722311
SY	4.25,6.25	120128	-5.25309385641	-5.43276240687	0.179668550462
TT	4.25,6.25	85206	-5.59657984348	-5.76414948831	0.167569644828
TV	4.25,6.25	203022	-4.72833734982	-4.89097761671	0.162640266893
TW	4.25,6.25	41049	-6.32688522231	-6.51390026985	0.187015047545
TY	4.25,6.25	112821	-5.31584920542	-5.53671764412	0.220868438697
VV	4.25,6.25	124722	-5.21556443683	-5.40410624397	0.188541807134
VW	4.25,6.25	43282	-6.27391485318	-6.33387892317	0.0599640699852
VY	4.25,6.25	128170	-5.18829418963	-5.35669629744	0.168402107804
WW	4.25,6.25	6253	-8.20859034879	-8.64996291345	0.441372564664
WY	4.25,6.25	30182	-6.63440597718	-6.97961895058	0.345212973398
YY	4.25,6.25	44088	-6.25546406079	-6.69558883349	0.440124772702
AA	5.25,7.25	144899	-4.75117954651	-5.11898530867	0.367805762158
AC	5.25,7.25	62797	-5.58730919287	-6.03101059384	0.443701400972
AD	5.25,7.25	109029	-5.03560259261	-4.73674177878	-0.298860813838
AE	5.25,7.25	123863	-4.90804037839	-4.55800065946	-0.350039718928
AF	5.25,7.25	140274	-4.78361884174	-5.0154051524	0.231786310657
AG	5.25,7.25	147990	-4.73007179059	-4.6399074634	-0.0901643271874
AH	5.25,7.25	58627	-5.65602115318	-5.57654475238	-0.0794764007955
AI	5.25,7.25	228634	-4.29509402279	-4.65758519451	0.362491171717
AK	5.25,7.25	98328	-5.13890766559	-4.73158330881	-0.407324356784
AL	5.25,7.25	382721	-3.77991023031	-4.1881328279	0.408222597592
AM	5.25,7.25	79949	-5.34582756312	-5.67746117353	0.331633610412
AN	5.25,7.25	83957	-5.29691173149	-5.05652693103	-0.240384800461
AP	5.25,7.25	78932	-5.35862977219	-5.07752842393	-0.281101348264
AQ	5.25,7.25	76008	-5.3963778966	-5.14129463292	-0.255083263681
AR	5.25,7.25	102776	-5.09466463177	-4.82887469318	-0.265789938589
AS	5.25,7.25	156930	-4.67141664845	-4.69006741223	0.0186507637775
AT	5.25,7.25	132123	-4.84348318761	-4.76087323898	-0.0826099486245
AV	5.25,7.25	262762	-4.155967815	-4.44663769827	0.290669883267
AW	5.25,7.25	48846	-5.83854400268	-6.07682779277	0.238283790093
AY	5.25,7.25	118774	-4.94999396674	-5.13504794865	0.185053981905
CC	5.25,7.25	26053	-6.46708356979	-8.32934573832	1.86226216853
CD	5.25,7.25	34558	-6.18457742261	-6.34191683672	0.157339414105
CE	5.25,7.25	33419	-6.21809189398	-6.1631757174	-0.054916176581
CF	5.25,7.25	34552	-6.18475105884	-6.62058021034	0.435829151499
CG	5.25,7.25	47745	-5.8613421451	-6.24508252134	0.383740376242
CH	5.25,7.25	21997	-6.63631041408	-7.18171981032	0.545409396246
CI	5.25,7.25	51493	-5.7857706184	-6.26276025245	0.476989634049
CK	5.25,7.25	30370	-6.31376121544	-6.33675836675	0.0229971513018
CL	5.25,7.25	81471	-5.3269693658	-5.79330788584	0.466338520042
CM	5.25,7.25	20720	-6.69611707711	-7.28263623147	0.586519154359
CN	5.25,7.25	29109	-6.35616908979	-6.66170198897	0.305532899177
CP	5.25,7.25	29284	-6.35017520272	-6.68270348187	0.332528279154
CQ	5.25,7.25	24223	-6.53991389947	-6.74646969086	0.206555791385
CR	5.25,7.25	30103	-6.32259165994	-6.43404975113	0.111458091186
CS	5.25,7.25	51785	-5.78011596246	-6.29524247017	0.515126507709
CT	5.25,7.25	39502	-6.05086519097	-6.36604829692	0.315183105958
CV	5.25,7.25	58866	-5.65195282009	-6.05181275621	0.399859936114
CW	5.25,7.25	12776	-7.17964808359	-7.68200285072	0.502354767126
CY	5.25,7.25	35372	-6.16129594779	-6.74022300659	0.578927058803
DD	5.25,7.25	22106	-6.63136742961	-5.7407987397	-0.890568689916
DE	5.25,7.25	38894	-6.06637649742	-4.86890690234	-1.19746959508
DF	5.25,7.25	91284	-5.2132409687	-5.32631139528	0.113070426577
DG	5.25,7.25	64356	-5.56278632471	-4.95081370628	-0.611972618438
DH	5.25,7.25	31035	-6.29210089464	-5.88745099526	-0.404649899379
DI	5.25,7.25	131735	-4.84642416555	-4.96849143738	0.122067271829
DK	5.25,7.25	38490	-6.07681802721	-5.04248955168	-1.03432847553
DL	5.25,7.25	198965	-4.43408756464	-4.49903907077	0.0649515061306
DM	5.25,7.25	40871	-6.0167957294	-5.9883674164	-0.0284283129968
DN	5.25,7.25	37948	-6.09099969297	-5.3674331739	-0.72356651907
DP	5.25,7.25	34861	-6.17584776865	-5.38843466681	-0.787413101843
DQ	5.25,7.25	28439	-6.37945505193	-5.45220087579	-0.927254176138
DR	5.25,7.25	49560	-5.82403243774	-5.13978093606	-0.684251501683
DS	5.25,7.25	63464	-5.5767436785	-5.0009736551	-0.575770023399
DT	5.25,7.25	62283	-5.59552797914	-5.07177948186	-0.523748497283
DV	5.25,7.25	141705	-4.77346906261	-4.75754394114	-0.0159251214729
DW	5.25,7.25	30379	-6.31346491427	-6.38773403565	0.0742691213806
DY	5.25,7.25	76223	-5.39355324008	-5.44595419152	0.0524009514417
EE	5.25,7.25	22559	-6.6110823951	-5.38331592206	-1.22776647303
EF	5.25,7.25	104507	-5.07796243969	-5.14757027596	0.0696078362691
EG	5.25,7.25	56769	-5.68822609241	-4.77207258696	-0.916153505449
EH	5.25,7.25	32245	-6.25385350204	-5.70870987595	-0.545143626094
EI	5.25,7.25	149371	-4.72078335042	-4.78975031807	0.0689669676533
EK	5.25,7.25	41897	-5.99200226918	-4.86374843237	-1.12825383682
EL	5.25,7.25	232892	-4.27664166771	-4.32029795146	0.0436562837533
EM	5.25,7.25	44910	-5.9225560074	-5.80962629709	-0.112929710311
EN	5.25,7.25	34153	-6.19636606461	-5.18869205459	-1.00767401002
EP	5.25,7.25	30823	-6.29895532996	-5.20969354749	-1.08926178246
EQ	5.25,7.25	29427	-6.34530387425	-5.27345975648	-1.07184411777
ER	5.25,7.25	54378	-5.7312568342	-4.96103981675	-0.770217017455
ES	5.25,7.25	60121	-5.63085729636	-4.82223253579	-0.808624760565
ET	5.25,7.25	62093	-5.59858323333	-4.89303836254	-0.705544870789
EV	5.25,7.25	162865	-4.63429485772	-4.57880282183	-0.055492035891
EW	5.25,7.25	34231	-6.19408482825	-6.20899291634	0.0149080880897
EY	5.25,7.25	81085	-5.33171850733	-5.26721307221	-0.0645054351187
FF	5.25,7.25	53664	-5.74447410886	-6.29812662377	0.553652514908
FG	5.25,7.25	89283	-5.23540539428	-5.2294770799	-0.00592831438118
FH	5.25,7.25	49585	-5.82352812586	-6.16611436888	0.342586243021
FI	5.25,7.25	146770	-4.73834975888	-5.24715481101	0.508805052131
FK	5.25,7.25	92282	-5.20236738826	-5.32115292531	0.118785537043
FL	5.25,7.25	232780	-4.27712269299	-4.7777024444	0.500579751412
FM	5.25,7.25	52739	-5.7618612747	-6.26703079003	0.505169515333
FN	5.25,7.25	72193	-5.44787340621	-5.64609654753	0.198223141316
FP	5.25,7.25	66826	-5.52512426813	-5.66709804043	0.141973772302
FQ	5.25,7.25	64718	-5.55717712458	-5.73086424942	0.17368712484
FR	5.25,7.25	86398	-5.26825196711	-5.41844430969	0.150192342577
FS	5.25,7.25	104535	-5.07769455094	-5.27963702873	0.201942477787
FT	5.25,7.25	104605	-5.07702514287	-5.35044285548	0.273417712617
FV	5.25,7.25	167258	-4.60767896405	-5.03620731477	0.428528350715
FW	5.25,7.25	36315	-6.13498561544	-6.66639740928	0.531411793832
FY	5.25,7.25	95312	-5.17006077362	-5.72461756515	0.554556791535
GG	5.25,7.25	47483	-5.86684474226	-5.54712978246	-0.319714959797
GH	5.25,7.25	34993	-6.17206845302	-5.79061667988	-0.381451773132
GI	5.25,7.25	133639	-4.83207435983	-4.87165712201	0.0395827621778
GK	5.25,7.25	48354	-5.84866754593	-4.94565523631	-0.903012309626
GL	5.25,7.25	208464	-4.38745013004	-4.4022047554	0.0147546253579
GM	5.25,7.25	45989	-5.89881425704	-5.89153310103	-0.00728115601469
GN	5.25,7.25	51366	-5.78824001951	-5.27059885853	-0.517641160986
GP	5.25,7.25	49475	-5.82574900301	-5.29160035143	-0.534148651583
GQ	5.25,7.25	39465	-6.05180229134	-5.35536656042	-0.696435730925
GR	5.25,7.25	54577	-5.72760394592	-5.04294662068	-0.684657325237
GS	5.25,7.25	92519	-5.19980246567	-4.90413933973	-0.295663125942
GT	5.25,7.25	76876	-5.38502276033	-4.97494516648	-0.410077593847
GV	5.25,7.25	152061	-4.70293473837	-4.66070962577	-0.0422251126063
GW	5.25,7.25	31575	-6.27485082627	-6.29089972027	0.0160488940093
GY	5.25,7.25	77938	-5.37130285569	-5.34911987615	-0.0221829795353
HH	5.25,7.25	13706	-7.10938280134	-7.42040934195	0.311026540612
HI	5.25,7.25	65690	-5.5422697876	-5.80829441099	0.266024623394
HK	5.25,7.25	23543	-6.56838795814	-5.88229252529	-0.686095432851
HL	5.25,7.25	104059	-5.08225844853	-5.33884204438	0.256583595855
HM	5.25,7.25	23710	-6.56131959442	-6.82817039001	0.266850795587
HN	5.25,7.25	23464	-6.57174916283	-6.20723614751	-0.364513015317
HP	5.25,7.25	23611	-6.56550378937	-6.22823764041	-0.337266148954
HQ	5.25,7.25	20276	-6.71777857389	-6.2920038494	-0.425774724493
HR	5.25,7.25	28547	-6.37566464273	-5.97958390967	-0.396080733063
HS	5.25,7.25	38432	-6.0783260486	-5.84077662871	-0.237549419893
HT	5.25,7.25	37881	-6.09276682738	-5.91158245547	-0.181184371912
HV	5.25,7.25	72876	-5.4384571278	-5.59734691475	0.15888978695
HW	5.25,7.25	17969	-6.83856844356	-7.22753700926	0.3889685657
HY	5.25,7.25	41545	-6.00043931739	-6.28575716513	0.285317847748
II	5.25,7.25	124170	-4.90556490007	-5.58248530194	0.676920401871
IK	5.25,7.25	134268	-4.82737869189	-4.96333296741	0.135954275525
IL	5.25,7.25	360368	-3.84009076294	-4.41988248651	0.579791723564
IM	5.25,7.25	78311	-5.36652841606	-5.90921083214	0.542682416078
IN	5.25,7.25	105509	-5.06842023717	-5.28827658964	0.219856352468
IP	5.25,7.25	89153	-5.23686249961	-5.30927808254	0.0724155829295
IQ	5.25,7.25	88057	-5.24923216244	-5.37304429152	0.123812129089
IR	5.25,7.25	116232	-4.97162830073	-5.06062435179	0.0889960510592
IS	5.25,7.25	157444	-4.66814665502	-4.92181707084	0.25367041582
IT	5.25,7.25	153203	-4.69545265514	-4.99262289759	0.297170242449
IV	5.25,7.25	264425	-4.14965883729	-4.67838735687	0.528728519586
IW	5.25,7.25	46055	-5.89738016006	-6.30857745138	0.411197291321
IY	5.25,7.25	133718	-4.83148338969	-5.36679760726	0.53531421757
KK	5.25,7.25	14757	-7.03549894802	-5.73048178156	-1.30501716646
KL	5.25,7.25	195781	-4.45021980691	-4.4938806008	0.0436607938959
KM	5.25,7.25	38792	-6.0690024547	-5.98320894643	-0.0857935082654
KN	5.25,7.25	30849	-6.29811215959	-5.36227470393	-0.935837455655
KP	5.25,7.25	26102	-6.46520455476	-5.38327619684	-1.08192835792
KQ	5.25,7.25	24826	-6.51532500341	-5.44704240582	-1.06828259759
KR	5.25,7.25	30281	-6.31669604138	-5.13462246609	-1.18207357529
KS	5.25,7.25	52668	-5.76320843401	-4.99581518513	-0.767393248875
KT	5.25,7.25	52503	-5.76634618368	-5.06662101189	-0.699725171793
KV	5.25,7.25	137430	-4.80410179794	-4.75238547117	-0.0517163267653
KW	5.25,7.25	28347	-6.38269529003	-6.38257556568	-0.000119724354291
KY	5.25,7.25	73740	-5.4266711017	-5.44079572155	0.0141246198584
LL	5.25,7.25	309887	-3.9910087796	-4.64357934425	0.652570564646
LM	5.25,7.25	121804	-4.92480329904	-5.43975846553	0.514955166485
LN	5.25,7.25	148068	-4.7295448668	-4.81882422303	0.0892793562281
LP	5.25,7.25	147396	-4.73409365216	-4.83982571593	0.105732063772
LQ	5.25,7.25	147373	-4.73424970656	-4.90359192491	0.169342218356
LR	5.25,7.25	194717	-4.45566927212	-4.59117198518	0.135502713063
LS	5.25,7.25	245966	-4.2220231795	-4.45236470423	0.230341524724
LT	5.25,7.25	232768	-4.27717424514	-4.52317053098	0.245996285843
LV	5.25,7.25	410330	-3.7102547805	-4.20893499026	0.498680209769
LW	5.25,7.25	77292	-5.37962603715	-5.83912508477	0.459499047624
LY	5.25,7.25	200409	-4.42685621612	-4.89734524065	0.470489024528
MM	5.25,7.25	15072	-7.01437777667	-7.62224305416	0.607865277494
MN	5.25,7.25	32402	-6.24899634521	-6.30815256866	0.0591562234418
MP	5.25,7.25	30718	-6.30236769251	-6.32915406156	0.0267863690507
MQ	5.25,7.25	28174	-6.38881692766	-6.39292027054	0.00410334288098
MR	5.25,7.25	38333	-6.0809053505	-6.08050033081	-0.000405019684301
MS	5.25,7.25	49400	-5.82726607031	-5.94169304986	0.114426979549
MT	5.25,7.25	48412	-5.84746877763	-6.01249887661	0.165030098985
MV	5.25,7.25	86655	-5.2652817766	-5.69826333589	0.432981559293
MW	5.25,7.25	17440	-6.86845007602	-7.3284534304	0.460003354382
MY	5.25,7.25	44614	-5.92916878339	-6.38667358628	0.457504802891
NN	5.25,7.25	18472	-6.81096042245	-6.38037037724	-0.430590045207
NP	5.25,7.25	29844	-6.33123267989	-5.70821981906	-0.623012860836
NQ	5.25,7.25	26295	-6.45783768746	-5.77198602804	-0.685851659418
NR	5.25,7.25	32326	-6.25134463451	-5.45956608831	-0.791778546204
NS	5.25,7.25	55636	-5.70838602076	-5.32075880736	-0.387627213402
NT	5.25,7.25	51186	-5.79175043735	-5.39156463411	-0.400185803239
NV	5.25,7.25	105680	-5.06680083429	-5.07732909339	0.010528259104
NW	5.25,7.25	24373	-6.53374053227	-6.7075191879	0.173778655635
NY	5.25,7.25	58867	-5.6519358325	-5.76573934378	0.113803511274
PP	5.25,7.25	17291	-6.87703035958	-6.42237346642	-0.454656893159
PQ	5.25,7.25	23661	-6.56338837142	-5.79298752095	-0.770400850472
PR	5.25,7.25	32706	-6.23965794719	-5.48056758121	-0.759090365978
PS	5.25,7.25	49999	-5.81521348927	-5.34176030026	-0.473453189015
PT	5.25,7.25	47727	-5.86171921901	-5.41256612701	-0.449153091998
PV	5.25,7.25	104442	-5.0785846011	-5.0983305863	0.0197459851922
PW	5.25,7.25	25627	-6.48357001131	-6.7285206808	0.244950669496
PY	5.25,7.25	58849	-5.65224165329	-5.78674083668	0.134499183387
QQ	5.25,7.25	11693	-7.26822612234	-6.54990621189	-0.718319910454
QR	5.25,7.25	29594	-6.33964485642	-5.5443337902	-0.795311066222
QS	5.25,7.25	42546	-5.97663065095	-5.40552650924	-0.571104141707
QT	5.25,7.25	43238	-5.96049675627	-5.476332336	-0.484164420272
QV	5.25,7.25	94174	-5.18207235951	-5.16209679528	-0.0199755642284
QW	5.25,7.25	24002	-6.54907933429	-6.79228688979	0.243207555498
QY	5.25,7.25	51632	-5.78307485919	-5.85050704567	0.0674321864733
RR	5.25,7.25	20706	-6.69679298116	-5.92506490992	-0.771728071237
RS	5.25,7.25	56658	-5.69018329899	-5.09310656951	-0.597076729481
RT	5.25,7.25	58169	-5.66386392772	-5.16391239627	-0.499951531453
RV	5.25,7.25	134741	-4.8238620773	-4.84967685555	0.0258147782529
RW	5.25,7.25	32625	-6.24213762886	-6.47986695006	0.237729321199
RY	5.25,7.25	70482	-5.47185913643	-5.53808710593	0.0662279695012
SS	5.25,7.25	50501	-5.80522335644	-5.64744984529	-0.157773511148
ST	5.25,7.25	81663	-5.32461547159	-5.02510511531	-0.299510356282
SV	5.25,7.25	170897	-4.58615545866	-4.71086957459	0.124714115934
SW	5.25,7.25	35489	-6.15799370519	-6.3410596691	0.183065963911
SY	5.25,7.25	83965	-5.29681644916	-5.39927982498	0.102463375823
TT	5.25,7.25	41338	-6.00543432071	-5.78906174651	-0.216372574198
TV	5.25,7.25	174447	-4.56559552392	-4.78167540135	0.216079877426
TW	5.25,7.25	35550	-6.15627633825	-6.41186549586	0.255589157604
TY	5.25,7.25	85810	-5.27508094468	-5.47008565173	0.195004707049
VV	5.25,7.25	160967	-4.64601711947	-5.16058968789	0.514572568416
VW	5.25,7.25	55166	-5.71686967302	-6.09762995514	0.380760282121
VY	5.25,7.25	145580	-4.74649073081	-5.15585011101	0.409359380203
WW	5.25,7.25	7810	-7.67181153065	-8.42098074126	0.749169210607
WY	5.25,7.25	33629	-6.21182770455	-6.78604020552	0.574212500977
YY	5.25,7.25	43655	-5.95089867124	-6.53741281034	0.586514139105
AA	6.25,8.25	96882	-4.7343137535	-5.06324953882	0.328935785318
AC	6.25,8.25	48867	-5.41870517459	-5.79703934094	0.37833416635
AD	6.25,8.25	45896	-5.48142952933	-4.92916987856	-0.552259650768
AE	6.25,8.25	48775	-5.42058961012	-4.79931471853	-0.621274891589
AF	6.25,8.25	120583	-4.51546918413	-4.76324366268	0.247774478548
AG	6.25,8.25	86397	-4.84885454364	-4.77682740005	-0.0720271435937
AH	6.25,8.25	33526	-5.79548623942	-5.5530891452	-0.242397094223
AI	6.25,8.25	193469	-4.04269020371	-4.39911904	0.356428836285
AK	6.25,8.25	37023	-5.69626815549	-4.94762681882	-0.748641336667
AL	6.25,8.25	309500	-3.5728494045	-3.95223357268	0.37938416818
AM	6.25,8.25	59944	-5.21439670357	-5.51276872637	0.298372022799
AN	6.25,8.25	38745	-5.65080578141	-5.19765409519	-0.453151686219
AP	6.25,8.25	39605	-5.62885212371	-5.23836144757	-0.390490676145
AQ	6.25,8.25	32972	-5.81214878018	-5.29958364743	-0.512565132749
AR	6.25,8.25	44292	-5.51700342279	-4.94416891036	-0.572834512436
AS	6.25,8.25	83802	-4.87935062308	-4.77207633518	-0.107274287896
AT	6.25,8.25	74515	-4.99680704923	-4.77844524497	-0.218361804256
AV	6.25,8.25	212679	-3.9480235099	-4.22886182841	0.280838318505
AW	6.25,8.25	38182	-5.66544329626	-5.83793488397	0.172491587714
AY	6.25,8.25	84250	-4.8740189274	-4.94463008381	0.0706111564122
CC	6.25,8.25	18276	-6.40221877293	-7.91714115587	1.51492238295
CD	6.25,8.25	16111	-6.52830522812	-6.35611027817	-0.172194949954
CE	6.25,8.25	15376	-6.5749996444	-6.22625511814	-0.348744526266
CF	6.25,8.25	35783	-5.73033457634	-6.19018406228	0.459849485943
CG	6.25,8.25	29431	-5.92575895603	-6.20376779965	0.278008843627
CH	6.25,8.25	14414	-6.63960754013	-6.9800295448	0.340422004675
CI	6.25,8.25	51096	-5.37410128037	-5.8260594396	0.451958159232
CK	6.25,8.25	13077	-6.7369525347	-6.37456721843	-0.362385316277
CL	6.25,8.25	80262	-4.92251121309	-5.37917397229	0.456662759202
CM	6.25,8.25	18478	-6.39122666138	-6.93970912597	0.548482464591
CN	6.25,8.25	15233	-6.58434336947	-6.6245944948	0.0402511253247
CP	6.25,8.25	14715	-6.61894011494	-6.66530184717	0.0463617322285
CQ	6.25,8.25	12032	-6.82023772942	-6.72652404703	-0.0937136823878
CR	6.25,8.25	14327	-6.64566162772	-6.37110930996	-0.274552317756
CS	6.25,8.25	30846	-5.87880041433	-6.19901673479	0.320216320458
CT	6.25,8.25	24410	-6.11281461222	-6.20538564458	0.0925710323526
CV	6.25,8.25	54714	-5.30568787845	-5.65580222801	0.350114349564
CW	6.25,8.25	12259	-6.80154713552	-7.26487528357	0.463328148059
CY	6.25,8.25	27857	-5.98072321534	-6.37157048341	0.390847268075
DD	6.25,8.25	8622	-7.1534904203	-6.18139397273	-0.972096447576
DE	6.25,8.25	11856	-6.83497342808	-5.35838565576	-1.47658777231
DF	6.25,8.25	51501	-5.36620627167	-5.32231459991	-0.0438916717638
DG	6.25,8.25	26782	-6.02007747656	-5.33589833728	-0.684179139275
DH	6.25,8.25	13876	-6.67764676752	-6.11216008243	-0.565486685094
DI	6.25,8.25	72764	-5.02058616923	-4.95818997723	-0.0623961920009
DK	6.25,8.25	9694	-7.03630035921	-5.50669775605	-1.52960260315
DL	6.25,8.25	102890	-4.67414704024	-4.51130450991	-0.162842530326
DM	6.25,8.25	22066	-6.21376953429	-6.0718396636	-0.141929870694
DN	6.25,8.25	14246	-6.65133133107	-5.75672503242	-0.894606298648
DP	6.25,8.25	12530	-6.77968172772	-5.7974323848	-0.982249342923
DQ	6.25,8.25	9710	-7.03465121433	-5.85865458466	-1.17599662967
DR	6.25,8.25	15733	-6.55204707937	-5.50323984759	-1.04880723178
DS	6.25,8.25	24954	-6.09077336664	-5.33114727241	-0.759626094229
DT	6.25,8.25	26214	-6.04151387743	-5.3375161822	-0.703997695229
DV	6.25,8.25	74088	-5.00255392076	-4.78793276564	-0.214621155122
DW	6.25,8.25	15494	-6.56735464442	-6.3970058212	-0.170348823218
DY	6.25,8.25	35169	-5.74764248387	-5.50370102104	-0.243941462832
EE	6.25,8.25	7375	-7.3097115944	-5.92168292488	-1.38802866953
EF	6.25,8.25	58041	-5.24665783926	-5.19245943988	-0.0541983993875
EG	6.25,8.25	22634	-6.18835429609	-5.20604317725	-0.982311118835
EH	6.25,8.25	14802	-6.61304518985	-5.9823049224	-0.630740267458
EI	6.25,8.25	77952	-4.95171424398	-4.8283348172	-0.123379426785
EK	6.25,8.25	9820	-7.02338637426	-5.37684259602	-1.64654377824
EL	6.25,8.25	115092	-4.5620756881	-4.38144934988	-0.180626338211
EM	6.25,8.25	22729	-6.18416585445	-5.94198450357	-0.242181350887
EN	6.25,8.25	11196	-6.89225092498	-5.62686987239	-1.26538105258
EP	6.25,8.25	10964	-6.91319031819	-5.66757722477	-1.24561309342
EQ	6.25,8.25	9959	-7.00933083168	-5.72879942463	-1.28053140705
ER	6.25,8.25	16470	-6.50626695244	-5.37338468756	-1.13288226488
ES	6.25,8.25	22065	-6.21381485391	-5.20129211238	-1.01252274153
ET	6.25,8.25	23655	-6.14423298755	-5.20766102217	-0.936571965374
EV	6.25,8.25	80444	-4.92024620646	-4.65807760561	-0.262168600849
EW	6.25,8.25	16197	-6.52298145672	-6.26715066117	-0.255830795555
EY	6.25,8.25	34809	-5.7579315226	-5.37384586101	-0.384085661587
FF	6.25,8.25	61821	-5.18356438406	-5.84954062722	0.665976243161
FG	6.25,8.25	62525	-5.17224101987	-5.1699721214	-0.00226889846851
FH	6.25,8.25	35609	-5.73520908173	-5.94623386654	0.21102478481
FI	6.25,8.25	162891	-4.21472623117	-4.79226376134	0.577537530178
FK	6.25,8.25	49956	-5.39666487863	-5.34077154017	-0.0558933384592
FL	6.25,8.25	255674	-3.76390430116	-4.34537829403	0.581473992871
FM	6.25,8.25	52844	-5.34046331961	-5.90591344771	0.5654501281
FN	6.25,8.25	44276	-5.51736472711	-5.59079881654	0.0734340894352
FP	6.25,8.25	41451	-5.58329548989	-5.63150616891	0.0482106790274
FQ	6.25,8.25	38004	-5.67011607928	-5.69272836878	0.022612289491
FR	6.25,8.25	51849	-5.35947184854	-5.3373136317	-0.0221582168391
FS	6.25,8.25	69469	-5.06692688673	-5.16522105653	0.0982941697968
FT	6.25,8.25	75943	-4.97782443773	-5.17158996632	0.193765528585
FV	6.25,8.25	175790	-4.13851739582	-4.62200654975	0.483489153937
FW	6.25,8.25	37813	-5.67515453778	-6.23107960532	0.555925067532
FY	6.25,8.25	88724	-4.82227706894	-5.33777480516	0.515497736215
GG	6.25,8.25	24972	-6.09005229943	-5.87670817121	-0.213344128224
GH	6.25,8.25	19640	-6.3302391937	-5.95981760392	-0.370421589787
GI	6.25,8.25	91642	-4.78991781475	-4.80584749872	0.0159296839655
GK	6.25,8.25	17455	-6.44818135607	-5.35435527754	-1.09382607853
GL	6.25,8.25	134887	-4.40337010574	-4.3589620314	-0.0444080743352
GM	6.25,8.25	29516	-5.92287500743	-5.91949718509	-0.00337782234736
GN	6.25,8.25	22120	-6.21132531997	-5.60438255391	-0.606942766061
GP	6.25,8.25	22902	-6.17658325364	-5.64508990629	-0.531493347351
GQ	6.25,8.25	17409	-6.45082018275	-5.70631210615	-0.744508076604
GR	6.25,8.25	22691	-6.18583912653	-5.35089736908	-0.834941757454
GS	6.25,8.25	46394	-5.4706373561	-5.1788047939	-0.291832562203
GT	6.25,8.25	38130	-5.66680612276	-5.18517370369	-0.481632419068
GV	6.25,8.25	98365	-4.7191224469	-4.63559028713	-0.0835321597735
GW	6.25,8.25	20338	-6.29531643926	-6.24466334269	-0.0506530965705
GY	6.25,8.25	44576	-5.51061189903	-5.35135854253	-0.159253356504
HH	6.25,8.25	8546	-7.16234415941	-7.42923768293	0.266893523523
HI	6.25,8.25	46465	-5.46910815562	-5.58210924386	0.113001088243
HK	6.25,8.25	8210	-7.20245457316	-6.13061702269	-1.07183755048
HL	6.25,8.25	72015	-5.03093306598	-5.13522377655	0.104290710572
HM	6.25,8.25	15870	-6.54337696209	-6.69575893023	0.152381968141
HN	6.25,8.25	11524	-6.86337567941	-6.38064429906	-0.482731380347
HP	6.25,8.25	11090	-6.90176369527	-6.42135165143	-0.480412043834
HQ	6.25,8.25	9638	-7.04209387841	-6.48257385129	-0.559520027116
HR	6.25,8.25	12632	-6.77157421968	-6.12715911422	-0.644415105453
HS	6.25,8.25	20422	-6.2911947455	-5.95506653905	-0.336128206449
HT	6.25,8.25	20026	-6.31077606734	-5.96143544884	-0.349340618506
HV	6.25,8.25	48805	-5.41997473	-5.41185203227	-0.00812269772846
HW	6.25,8.25	12001	-6.82281751698	-7.02092508784	0.198107570856
HY	6.25,8.25	25261	-6.07854579221	-6.12762028767	0.0490744954659
II	6.25,8.25	138402	-4.37764500268	-5.12128983676	0.743644834082
IK	6.25,8.25	69610	-5.06489926145	-4.97664691749	-0.0882523439596
IL	6.25,8.25	391281	-3.33838152469	-3.98125367135	0.642872146664
IM	6.25,8.25	74783	-4.99321691021	-5.54178882503	0.548571914826
IN	6.25,8.25	59721	-5.21812377929	-5.22667419386	0.00855041457152
IP	6.25,8.25	54930	-5.30174784927	-5.26738154623	-0.0343663030409
IQ	6.25,8.25	50081	-5.39416580199	-5.3286037461	-0.0655620558901
IR	6.25,8.25	64895	-5.13503691749	-4.97318900902	-0.161847908466
IS	6.25,8.25	101945	-4.68337404446	-4.80109643385	0.117722389387
IT	6.25,8.25	108031	-4.62538927365	-4.80746534364	0.182076069983
IV	6.25,8.25	274944	-3.69124005606	-4.25788192707	0.566641871012
IW	6.25,8.25	46489	-5.46859177116	-5.86695498264	0.398363211477
IY	6.25,8.25	116659	-4.54855234726	-4.97365018247	0.425097835216
KK	6.25,8.25	2557	-8.36897280032	-6.21830796458	-2.15066483574
KL	6.25,8.25	95171	-4.75213222309	-4.52976145018	-0.222370772911
KM	6.25,8.25	18563	-6.3866371444	-6.09029660386	-0.296340540544
KN	6.25,8.25	8302	-7.191311047	-5.77518197269	-1.41612907431
KP	6.25,8.25	8205	-7.20306377209	-5.81588932506	-1.38717444703
KQ	6.25,8.25	7237	-7.32860074074	-5.87711152492	-1.45148921582
KR	6.25,8.25	7572	-7.28335026328	-5.52169678785	-1.76165347543
KS	6.25,8.25	17119	-6.46761853884	-5.34960421267	-1.11801432616
KT	6.25,8.25	17883	-6.42395695572	-5.35597312246	-1.06798383326
KV	6.25,8.25	66648	-5.10838245796	-4.8063897059	-0.301992752057
KW	6.25,8.25	12762	-6.76133549118	-6.41546276146	-0.345872729721
KY	6.25,8.25	29109	-5.93676009192	-5.5221579613	-0.414602130618
LL	6.25,8.25	328000	-3.51479388824	-4.22751763448	0.712723746231
LM	6.25,8.25	117261	-4.54340527707	-5.09490335772	0.551498080648
LN	6.25,8.25	83500	-4.88296086477	-4.77978872655	-0.103172138225
LP	6.25,8.25	86713	-4.84520368175	-4.82049607892	-0.0247076028324
LQ	6.25,8.25	79081	-4.93733485298	-4.88171827878	-0.055616574202
LR	6.25,8.25	104010	-4.66332044826	-4.52630354171	-0.137016906554
LS	6.25,8.25	154140	-4.26994621628	-4.35421096653	0.084264750255
LT	6.25,8.25	158195	-4.24397904736	-4.36057987633	0.116600828968
LV	6.25,8.25	417132	-3.27440477816	-3.81099645976	0.536591681603
LW	6.25,8.25	76705	-4.96784060133	-5.42006951532	0.452228913991
LY	6.25,8.25	175073	-4.14260446683	-4.52676471516	0.384160248334
MM	6.25,8.25	13169	-6.7299419139	-7.34859640451	0.618654490606
MN	6.25,8.25	18147	-6.40930223884	-6.34032388023	-0.0689783586066
MP	6.25,8.25	17809	-6.42810354913	-6.3810312326	-0.0470723165326
MQ	6.25,8.25	15718	-6.55300094418	-6.44225343246	-0.110747511721
MR	6.25,8.25	20220	-6.30113528304	-6.08683869539	-0.214296587645
MS	6.25,8.25	30561	-5.88808281035	-5.91474612022	0.0266633098632
MT	6.25,8.25	31996	-5.84219660164	-5.92111503001	0.0789184283648
MV	6.25,8.25	79643	-4.93025334863	-5.37153161344	0.441278264814
MW	6.25,8.25	15916	-6.54048260406	-6.98060466901	0.440122064941
MY	6.25,8.25	35088	-5.74994830495	-6.08729986884	0.337351563891
NN	6.25,8.25	6342	-7.46061332051	-6.71836424661	-0.742249073907
NP	6.25,8.25	11649	-6.85258715721	-6.06591660143	-0.786670555781
NQ	6.25,8.25	9485	-7.05809589324	-6.12713880129	-0.93095709195
NR	6.25,8.25	11256	-6.88690617682	-5.77172406422	-1.1151821126
NS	6.25,8.25	22720	-6.18456190278	-5.59963148904	-0.584930413732
NT	6.25,8.25	22105	-6.21200366935	-5.60600039884	-0.606003270516
NV	6.25,8.25	57678	-5.25293167832	-5.05641698227	-0.196514696046
NW	6.25,8.25	13589	-6.69854685469	-6.66549003783	-0.0330568168571
NY	6.25,8.25	28820	-5.94673790606	-5.77218523767	-0.174552668386
PP	6.25,8.25	7278	-7.32295139744	-6.79977927613	-0.523172121311
PQ	6.25,8.25	8968	-7.11414481086	-6.16784615366	-0.946298657194
PR	6.25,8.25	11376	-6.87630162357	-5.81243141659	-1.06387020698
PS	6.25,8.25	21320	-6.24816189733	-5.64033884142	-0.607823055914
PT	6.25,8.25	21430	-6.24301568714	-5.64670775121	-0.596307935935
PV	6.25,8.25	59963	-5.21407979129	-5.09712433464	-0.116955456646
PW	6.25,8.25	14001	-6.66867874099	-6.70619739021	0.0375186492133
PY	6.25,8.25	30180	-5.90062804329	-5.81289259004	-0.0877354532444
QQ	6.25,8.25	4613	-7.77892909205	-6.92222418988	-0.856704902169
QR	6.25,8.25	9789	-7.02654819035	-5.87365361645	-1.15289457389
QS	6.25,8.25	17127	-6.46715133098	-5.70156104128	-0.7655902897
QT	6.25,8.25	18168	-6.40814569183	-5.70792995107	-0.700215740756
QV	6.25,8.25	51344	-5.36925941226	-5.15834653451	-0.210912877756
QW	6.25,8.25	13275	-6.7219249295	-6.76741959007	0.0454946605672
QY	6.25,8.25	25495	-6.06932514212	-5.87411478991	-0.195210352215
RR	6.25,8.25	6642	-7.41439437367	-6.21139212663	-1.20300224704
RS	6.25,8.25	22123	-6.2111897053	-5.34614630421	-0.865043401094
RT	6.25,8.25	22531	-6.19291535791	-5.352515214	-0.840400143908
RV	6.25,8.25	72633	-5.02238813262	-4.80293179743	-0.219456335184
RW	6.25,8.25	16510	-6.5038412387	-6.412004853	-0.0918363857008
RY	6.25,8.25	34902	-5.75526336247	-5.51870005283	-0.236563309638
SS	6.25,8.25	22304	-6.20304146205	-5.86720601714	-0.335835444908
ST	6.25,8.25	38544	-5.65600705076	-5.18042263882	-0.475584411935
SV	6.25,8.25	102766	-4.67535293761	-4.63083922226	-0.0445137153559
SW	6.25,8.25	22224	-6.20663471062	-6.23991227782	0.0332775672031
SY	6.25,8.25	47456	-5.44800453067	-5.34660747766	-0.101397053015
TT	6.25,8.25	19638	-6.33034103188	-5.87994386936	-0.450397162523
TV	6.25,8.25	114055	-4.57112670844	-4.63720813205	0.0660814236103
TW	6.25,8.25	23228	-6.16244904912	-6.24628118761	0.083832138492
TY	6.25,8.25	49314	-5.40959948023	-5.35297638745	-0.056623092785
VV	6.25,8.25	158876	-4.23968347288	-4.78077486291	0.541091390024
VW	6.25,8.25	52875	-5.33987685926	-5.69669777105	0.356820911785
VY	6.25,8.25	121713	-4.50614168229	-4.80339297089	0.297251288595
WW	6.25,8.25	7883	-7.24309895455	-7.99893283615	0.755833881603
WY	6.25,8.25	28042	-5.97410411033	-6.41246602645	0.438361916118
YY	6.25,8.25	31371	-5.86192359734	-6.21231447634	0.350390878992
AA	7.25,inf	76719	-4.66629732562	-4.91227717626	0.245979850638
AC	7.25,inf	38804	-5.3479233876	-5.5016423395	0.153718951897
AD	7.25,inf	23272	-5.85919580051	-5.22214974438	-0.637046056134
AE	7.25,inf	21899	-5.92000574802	-5.20929803938	-0.710707708645
AF	7.25,inf	105349	-4.34916807367	-4.43204219143	0.0828741177653
AG	7.25,inf	68946	-4.7731231322	-4.81011106348	0.0369879312837
AH	7.25,inf	21217	-5.95164397457	-5.58003336943	-0.371610605148
AI	7.25,inf	173235	-3.85179766747	-4.07090624443	0.219108576962
AK	7.25,inf	13347	-6.41515508121	-5.37790866358	-1.03724641764
AL	7.25,inf	254494	-3.46716946163	-3.64815712808	0.180987666448
AM	7.25,inf	49580	-5.1028591951	-5.28680361886	0.183944423762
AN	7.25,inf	20961	-5.96378315347	-5.4371015118	-0.52668164167
AP	7.25,inf	24581	-5.80447293491	-5.41508161423	-0.389391320677
AQ	7.25,inf	15912	-6.23937318015	-5.56325119803	-0.676121982118
AR	7.25,inf	18046	-6.11352266813	-5.23164097987	-0.88188168826
AS	7.25,inf	52817	-5.03961361312	-4.87012364283	-0.169489970289
AT	7.25,inf	50616	-5.08217898986	-4.86334640904	-0.218832580822
AV	7.25,inf	190279	-3.75795530557	-3.94551107677	0.187555771205
AW	7.25,inf	27968	-5.67538572223	-5.54881367923	-0.126572042998
AY	7.25,inf	56530	-4.97167525102	-4.74670870056	-0.224966550461
CC	7.25,inf	11232	-6.58767987442	-7.47732543421	0.889645559794
CD	7.25,inf	7538	-6.98648982686	-6.50466720579	-0.481822621067
CE	7.25,inf	6671	-7.10867694798	-6.49181550079	-0.616861447182
CF	7.25,inf	34373	-5.46917534923	-5.71455965285	0.24538430362
CG	7.25,inf	20965	-5.96359234108	-6.0926285249	0.129036183818
CH	7.25,inf	8599	-6.85480080427	-6.86255083084	0.00775002656504
CI	7.25,inf	48047	-5.1342670232	-5.35342370585	0.219156682645
CK	7.25,inf	4340	-7.53857237359	-6.66042612499	-0.878146248601
CL	7.25,inf	70796	-4.74664421978	-4.93067458949	0.184030369718
CM	7.25,inf	15937	-6.23780327183	-6.56932108027	0.331517808448
CN	7.25,inf	7833	-6.94810114332	-6.71961897321	-0.228482170108
CP	7.25,inf	8360	-6.88298829461	-6.69759907565	-0.185389218958
CQ	7.25,inf	5329	-7.33328311839	-6.84576865945	-0.48751445894
CR	7.25,inf	5931	-7.22625388885	-6.51415844129	-0.712095447561
CS	7.25,inf	19153	-6.05398736038	-6.15264110424	0.0986537438579
CT	7.25,inf	15357	-6.27487532556	-6.14586387045	-0.129011455108
CV	7.25,inf	51633	-5.06228571875	-5.22802853819	0.165742819439
CW	7.25,inf	11554	-6.55941502434	-6.83133114065	0.271916116303
CY	7.25,inf	19088	-6.05738685635	-6.02922616197	-0.0281606943781
DD	7.25,inf	3858	-7.65629780722	-6.91833574455	-0.737962062666
DE	7.25,inf	5077	-7.38172618574	-6.21232290567	-1.16940328007
DF	7.25,inf	25089	-5.78401721864	-5.43506705772	-0.348950160913
DG	7.25,inf	14922	-6.30361008765	-5.81313592977	-0.49047415788
DH	7.25,inf	7643	-6.97265652544	-6.58305823572	-0.389598289727
DI	7.25,inf	38808	-5.34782031076	-5.07393111072	-0.27388920004
DK	7.25,inf	3653	-7.71089797389	-6.38093352987	-1.32996444402
DL	7.25,inf	48491	-5.12506850799	-4.65118199437	-0.473886513622
DM	7.25,inf	11091	-6.60031275308	-6.28982848515	-0.310484267932
DN	7.25,inf	5867	-7.23710329176	-6.44012637809	-0.796976913674
DP	7.25,inf	5310	-7.33685488645	-6.41810648052	-0.918748405925
DQ	7.25,inf	4282	-7.55202653154	-6.56627606432	-0.985750467212
DR	7.25,inf	6391	-7.15155597104	-6.23466584616	-0.916890124873
DS	7.25,inf	11881	-6.53150623623	-5.87314850912	-0.658357727111
DT	7.25,inf	12537	-6.47776244957	-5.86637127533	-0.611391174242
DV	7.25,inf	39244	-5.3366481554	-4.94853594306	-0.38811221234
DW	7.25,inf	7693	-6.96613589723	-6.55183854552	-0.414297351704
DY	7.25,inf	16268	-6.21724673366	-5.74973356685	-0.467513166813
EE	7.25,inf	3731	-7.68977042746	-6.89263215638	-0.797138271085
EF	7.25,inf	26545	-5.72760531567	-5.42221535273	-0.305389962943
EG	7.25,inf	11602	-6.55526922466	-5.80028422478	-0.754984999883
EH	7.25,inf	8672	-6.84634727701	-6.57020653072	-0.276140746289
EI	7.25,inf	36106	-5.41998766519	-5.06107940572	-0.358908259466
EK	7.25,inf	3497	-7.75454126362	-6.36808182487	-1.38645943875
EL	7.25,inf	46969	-5.15695891208	-4.63833028937	-0.518628622706
EM	7.25,inf	10197	-6.68435316232	-6.27697678015	-0.40737638217
EN	7.25,inf	4856	-7.42623166795	-6.42727467309	-0.998956994858
EP	7.25,inf	5050	-7.38705847842	-6.40525477553	-0.98180370289
EQ	7.25,inf	4347	-7.5369607697	-6.55342435933	-0.98353641037
ER	7.25,inf	6885	-7.07710158952	-6.22181414116	-0.855287448359
ES	7.25,inf	10171	-6.68690618806	-5.86029680412	-0.826609383941
ET	7.25,inf	11141	-6.59581472463	-5.85351957033	-0.742295154297
EV	7.25,inf	36375	-5.41256499621	-4.93568423806	-0.476880758148
EW	7.25,inf	8105	-6.91396556652	-6.53898684053	-0.374978725991
EY	7.25,inf	16186	-6.22230005063	-5.73688186185	-0.485418188782
FF	7.25,inf	73479	-4.70944707059	-5.33811301728	0.628665946684
FG	7.25,inf	49872	-5.09698699868	-5.02302837683	-0.0739586218486
FH	7.25,inf	25271	-5.77678922847	-5.79295068277	0.0161614543005
FI	7.25,inf	189604	-3.76150903506	-4.28382355778	0.522314522718
FK	7.25,inf	19368	-6.04282450207	-5.59082597692	-0.451998525146
FL	7.25,inf	270228	-3.4071806746	-3.86107444142	0.453893766821
FM	7.25,inf	55004	-4.99904081184	-5.49972093221	0.500680120362
FN	7.25,inf	23406	-5.85345432195	-5.65001882514	-0.203435496809
FP	7.25,inf	24920	-5.79077602778	-5.62799892758	-0.162777100204
FQ	7.25,inf	19678	-6.02694546126	-5.77616851138	-0.25077694988
FR	7.25,inf	24254	-5.81786516947	-5.44455829322	-0.373306876251
FS	7.25,inf	47267	-5.15063434411	-5.08304095617	-0.06759338794
FT	7.25,inf	52640	-5.04297043469	-5.07626372238	0.0332932876965
FV	7.25,inf	187319	-3.77363367586	-4.15842839012	0.384794714257
FW	7.25,inf	39656	-5.32620446099	-5.76173099258	0.435526531593
FY	7.25,inf	75945	-4.67643732761	-4.9596260139	0.283188686288
GG	7.25,inf	19423	-6.03998879085	-6.09425367069	0.0542648798348
GH	7.25,inf	13822	-6.38018519603	-6.17101955482	-0.209165641212
GI	7.25,inf	78948	-4.63765731381	-4.66189242983	0.0242351160158
GK	7.25,inf	7004	-7.05996530728	-5.96889484897	-1.09107045831
GL	7.25,inf	107014	-4.33348705468	-4.23914331348	-0.0943437412041
GM	7.25,inf	23442	-5.8519174364	-5.87778980426	0.0258723678534
GN	7.25,inf	12822	-6.45528427614	-6.02808769719	-0.427196578946
GP	7.25,inf	14837	-6.30932266074	-6.00606779963	-0.303254861104
GQ	7.25,inf	9232	-6.78377101194	-6.15423738343	-0.629533628507
GR	7.25,inf	10949	-6.61319859381	-5.82262716527	-0.790571428543
GS	7.25,inf	30756	-5.58036162453	-5.46110982822	-0.11925179631
GT	7.25,inf	26962	-5.71201825443	-5.45433259443	-0.257685660001
GV	7.25,inf	86590	-4.54526238624	-4.53649726217	-0.00876512407498
GW	7.25,inf	14757	-6.31472917522	-6.13979986463	-0.174929310592
GY	7.25,inf	29107	-5.63546802663	-5.33769488595	-0.297773140673
HH	7.25,inf	6097	-7.19864987478	-7.63410899881	0.435459124036
HI	7.25,inf	30981	-5.57307260835	-5.43181473577	-0.141257872577
HK	7.25,inf	3068	-7.8854208382	-6.73881715491	-1.14660368328
HL	7.25,inf	44636	-5.20790601338	-5.00906561942	-0.198840393964
HM	7.25,inf	10332	-6.67120084647	-6.6477121102	-0.0234887362727
HN	7.25,inf	6232	-7.17674941314	-6.79801000313	-0.378739410001
HP	7.25,inf	6539	-7.12866247312	-6.77599010557	-0.352672367552
HQ	7.25,inf	5076	-7.38192317185	-6.92415968937	-0.457763482479
HR	7.25,inf	5990	-7.21635530958	-6.59254947121	-0.623805838366
HS	7.25,inf	12195	-6.50542069004	-6.23103213416	-0.274388555871
HT	7.25,inf	11602	-6.55526922466	-6.22425490038	-0.331014324284
HV	7.25,inf	33417	-5.49738196917	-5.30641956811	-0.190962401062
HW	7.25,inf	7997	-6.92738025035	-6.90972217057	-0.0176580797828
HY	7.25,inf	15816	-6.24542463584	-6.10761719189	-0.137807443942
II	7.25,inf	155230	-3.96153883367	-4.61583920396	0.654300370293
IK	7.25,inf	27356	-5.69751083847	-5.22969002992	-0.467820808548
IL	7.25,inf	411115	-2.98757374099	-3.49993849442	0.512364753429
IM	7.25,inf	73850	-4.70441071273	-5.1385849852	0.434174272476
IN	7.25,inf	33215	-5.50344514059	-5.28888287814	-0.214562262447
IP	7.25,inf	37280	-5.38798973189	-5.26686298058	-0.121126751308
IQ	7.25,inf	25020	-5.78677121666	-5.41503256438	-0.371738652287
IR	7.25,inf	30576	-5.58623133421	-5.08342234622	-0.50280898799
IS	7.25,inf	68711	-4.77653741884	-4.72190500917	-0.0546324096743
IT	7.25,inf	76533	-4.66872470134	-4.71512777538	0.0464030740442
IV	7.25,inf	291140	-3.33264247057	-3.79729244312	0.464649972548
IW	7.25,inf	45974	-5.1783707024	-5.40059504558	0.222224343175
IY	7.25,inf	96466	-4.43725610705	-4.5984900669	0.161233959851
KK	7.25,inf	699	-9.36455125845	-7.22985593473	-2.13469532373
KL	7.25,inf	33593	-5.49212900977	-4.80694091357	-0.685188096205
KM	7.25,inf	6858	-7.08103086766	-6.44558740435	-0.635443463315
KN	7.25,inf	2629	-8.03984317596	-6.59588529728	-1.44395787867
KP	7.25,inf	2934	-7.93008004198	-6.57386539972	-1.35621464226
KQ	7.25,inf	2477	-8.0993985712	-6.72203498352	-1.37736358767
KR	7.25,inf	2206	-8.21526580087	-6.39042476536	-1.82484103551
KS	7.25,inf	5968	-7.2200348588	-6.02890742832	-1.19112743049
KT	7.25,inf	6637	-7.11378666754	-6.02213019453	-1.09165647301
KV	7.25,inf	25746	-5.75816744647	-5.10429486226	-0.653872584205
KW	7.25,inf	5138	-7.36978282302	-6.70759746472	-0.662185358294
KY	7.25,inf	10111	-6.69282278159	-5.90549248604	-0.78733029555
LL	7.25,inf	324259	-3.22490414253	-3.77033944997	0.545435307437
LM	7.25,inf	106770	-4.33576973351	-4.71583586885	0.380066135337
LN	7.25,inf	42566	-5.25539090916	-4.86613376179	-0.389257147376
LP	7.25,inf	52799	-5.03995447056	-4.84411386423	-0.195840606339
LQ	7.25,inf	37206	-5.38997668311	-4.99228344803	-0.397693235082
LR	7.25,inf	43866	-5.22530718916	-4.66067322986	-0.564633959302
LS	7.25,inf	96939	-4.432364807	-4.29915589282	-0.133208914181
LT	7.25,inf	105900	-4.3439514691	-4.29237865903	-0.0515728100681
LV	7.25,inf	414251	-2.9799746514	-3.37454332676	0.394568675364
LW	7.25,inf	71643	-4.73475126934	-4.97784592922	0.243094659883
LY	7.25,inf	134474	-4.1050758499	-4.17574095055	0.0706651006479
MM	7.25,inf	12148	-6.50928217452	-7.04764442546	0.538362250943
MN	7.25,inf	10231	-6.68102439481	-6.50478025257	-0.176244142239
MP	7.25,inf	10961	-6.61210320347	-6.48276035501	-0.129342848464
MQ	7.25,inf	8051	-6.92065041439	-6.63092993881	-0.289720475579
MR	7.25,inf	9349	-6.77117733599	-6.29931972064	-0.471857615351
MS	7.25,inf	20529	-5.98460820107	-5.9378023836	-0.0468058174667
MT	7.25,inf	21745	-5.92706287565	-5.93102514981	0.00396227415514
MV	7.25,inf	74659	-4.69351564236	-5.01318981754	0.319674175184
MW	7.25,inf	14491	-6.33291895464	-6.61649242	0.283573465365
MY	7.25,inf	27370	-5.69699919865	-5.81438744133	0.117388242676
NN	7.25,inf	3232	-7.83334558104	-7.34824262546	-0.485102955588
NP	7.25,inf	6065	-7.20391217931	-6.63305824794	-0.570853931365
NQ	7.25,inf	4600	-7.48039041821	-6.78122783174	-0.699162586466
NR	7.25,inf	4583	-7.48409291618	-6.44961761358	-1.0344753026
NS	7.25,inf	11760	-6.54174277923	-6.08810027654	-0.453642502698
NT	7.25,inf	11390	-6.57371094424	-6.08132304275	-0.492387901499
NV	7.25,inf	31425	-5.55884296723	-5.16348771048	-0.395355256747
NW	7.25,inf	7470	-6.99555172256	-6.76679031294	-0.228761409617
NY	7.25,inf	13961	-6.3701789937	-5.96468533426	-0.405493659433
PP	7.25,inf	3592	-7.72773757126	-7.30420245356	-0.423535117701
PQ	7.25,inf	3992	-7.62215436325	-6.75920793418	-0.862946429073
PR	7.25,inf	4354	-7.53535175889	-6.42759771602	-1.10775404287
PS	7.25,inf	11416	-6.57143084153	-6.06608037897	-0.505350462555
PT	7.25,inf	12243	-6.50149237661	-6.05930314518	-0.442189231427
PV	7.25,inf	40231	-5.31180887898	-5.14146781292	-0.17034106606
PW	7.25,inf	7839	-6.9473354465	-6.74477041538	-0.202565031117
PY	7.25,inf	15326	-6.27689598916	-5.9426654367	-0.334230552453
QQ	7.25,inf	2098	-8.26546221173	-7.60054432389	-0.664917887836
QR	7.25,inf	3707	-7.69622379754	-6.57576729982	-1.12045649772
QS	7.25,inf	7869	-6.94351573215	-6.21424996277	-0.729265769377
QT	7.25,inf	8351	-6.88406542953	-6.20747272898	-0.676592700548
QV	7.25,inf	26762	-5.71946375082	-5.28963739672	-0.429826354102
QW	7.25,inf	6870	-7.07928261547	-6.89293999918	-0.186342616289
QY	7.25,inf	11933	-6.52713905032	-6.0908350205	-0.436304029813
RR	7.25,inf	2523	-8.08099805204	-6.93731834861	-1.14367970344
RS	7.25,inf	9273	-6.77933976989	-5.88263974461	-0.896700025274
RT	7.25,inf	9177	-6.78974636787	-5.87586251082	-0.913883857045
RV	7.25,inf	33006	-5.50975735858	-4.95802717856	-0.551730180026
RW	7.25,inf	7825	-6.94912298528	-6.56132978102	-0.38779320426
RY	7.25,inf	14854	-6.30817753246	-5.75922480234	-0.548952730116
SS	7.25,inf	12810	-6.4562206058	-6.21427940095	-0.241941204849
ST	7.25,inf	22758	-5.88152998977	-5.51434517378	-0.367184815992
SV	7.25,inf	69533	-4.76464526168	-4.59650984151	-0.168135420169
SW	7.25,inf	14292	-6.34674678154	-6.19981244397	-0.14693433757
SY	7.25,inf	26719	-5.72107179889	-5.39770746529	-0.323364333591
TT	7.25,inf	12227	-6.50280010054	-6.20072486709	-0.302075233453
TV	7.25,inf	80631	-4.61656353075	-4.58973260772	-0.02683092303
TW	7.25,inf	14883	-6.30622709972	-6.19303521018	-0.113191889534
TY	7.25,inf	28543	-5.65503499955	-5.39093023151	-0.264104768047
VV	7.25,inf	164210	-3.9053006252	-4.3650483486	0.459747723405
VW	7.25,inf	48384	-5.12727754115	-5.27519987792	0.147922336771
VY	7.25,inf	95928	-4.44284881163	-4.47309489924	0.0302460876137
WW	7.25,inf	6849	-7.08234406549	-7.57166900498	0.489324939494
WY	7.25,inf	22525	-5.89182091821	-6.0763975017	0.184576583492
YY	7.25,inf	20401	-5.99086280245	-5.9674483771	-0.0234144253476
