CLIQUE	DEPTH	OBS	LOG_OBS	LOG_EXP	LOG_ODD
AA	-inf,5.25	124525	-4.94161712616	-5.25316617853	0.311549052364
AC	-inf,5.25	26667	-6.4826967792	-6.47156140516	-0.0111353740324
AD	-inf,5.25	173056	-4.61250838358	-4.60714017705	-0.0053682065338
AE	-inf,5.25	192031	-4.5084668078	-4.39227494098	-0.116191866816
AF	-inf,5.25	62372	-5.6330071684	-5.44936054007	-0.183646628334
AG	-inf,5.25	196240	-4.48678522517	-4.5407551128	0.0539698876218
AH	-inf,5.25	59643	-5.67774683468	-5.56279323583	-0.114953598854
AI	-inf,5.25	95890	-5.20292192396	-5.09603665301	-0.106885270943
AK	-inf,5.25	152050	-4.741914211	-4.56613399258	-0.175780218419
AL	-inf,5.25	181865	-4.56285897153	-4.58399960592	0.0211406343897
AM	-inf,5.25	49651	-5.86110509385	-5.88732539001	0.0262202961637
AN	-inf,5.25	112988	-5.03884200674	-4.95360680134	-0.0852352053983
AP	-inf,5.25	130274	-4.89648370043	-4.95179595648	0.055312256049
AQ	-inf,5.25	113763	-5.03200628811	-5.03307895467	0.00107266656449
AR	-inf,5.25	143829	-4.79749853118	-4.71990150979	-0.0775970213955
AS	-inf,5.25	182577	-4.55895162327	-4.650272766	0.0913211427249
AT	-inf,5.25	139214	-4.83011130757	-4.77764263587	-0.0524686717017
AV	-inf,5.25	134203	-4.86677004614	-4.82384232306	-0.0429277230839
AW	-inf,5.25	24624	-6.56240204803	-6.38503421219	-0.177367835837
AY	-inf,5.25	65531	-5.583600312	-5.35626004087	-0.227340271129
CC	-inf,5.25	10674	-7.39831274721	-9.0762735953	1.67796084809
CD	-inf,5.25	26668	-6.48265928037	-6.51868549558	0.0360262152079
CE	-inf,5.25	26010	-6.50764254566	-6.30382025951	-0.203822286157
CF	-inf,5.25	8798	-7.5915992022	-7.36090585859	-0.230693343604
CG	-inf,5.25	34545	-6.22386080318	-6.45230043132	0.228439628139
CH	-inf,5.25	11980	-7.28288503244	-7.47433855435	0.191453521917
CI	-inf,5.25	14409	-7.09827061377	-7.00758197154	-0.0906886422319
CK	-inf,5.25	24032	-6.58673734954	-6.47767931111	-0.109058038435
CL	-inf,5.25	22993	-6.63093380334	-6.49554492444	-0.1353888789
CM	-inf,5.25	6822	-7.84597094113	-7.79887070854	-0.0471002325889
CN	-inf,5.25	21029	-6.72022118766	-6.86515211987	0.144930932212
CP	-inf,5.25	23983	-6.5887783791	-6.863341275	0.274562895907
CQ	-inf,5.25	15933	-6.99773119502	-6.9446242732	-0.0531069218161
CR	-inf,5.25	19886	-6.77610765857	-6.63144682832	-0.144660830251
CS	-inf,5.25	33171	-6.2644476249	-6.56181808453	0.297370459631
CT	-inf,5.25	21857	-6.68160238876	-6.68918795439	0.00758556563693
CV	-inf,5.25	18105	-6.86993548191	-6.73538764158	-0.134547840322
CW	-inf,5.25	3975	-8.38609887702	-8.29657953072	-0.0895193463013
CY	-inf,5.25	11048	-7.36387420902	-7.2678053594	-0.0960688496166
DD	-inf,5.25	79847	-5.38601132161	-5.34741449983	-0.0385968217825
DE	-inf,5.25	182120	-4.56145781466	-4.43939903139	-0.122058783265
DF	-inf,5.25	70083	-5.51644337119	-5.49648463048	-0.0199587407139
DG	-inf,5.25	168207	-4.64092826133	-4.58787920321	-0.053049058121
DH	-inf,5.25	68774	-5.53529785859	-5.60991732624	0.074619467653
DI	-inf,5.25	104734	-5.11469982262	-5.14316074343	0.0284609208087
DK	-inf,5.25	211640	-4.41123690709	-4.61325808299	0.202021175905
DL	-inf,5.25	168637	-4.6383751493	-4.63112369633	-0.00725145297356
DM	-inf,5.25	48236	-5.89001799488	-5.93444948042	0.0444314855419
DN	-inf,5.25	126397	-4.92669587787	-5.00073089175	0.0740350138847
DP	-inf,5.25	123927	-4.94643094255	-4.99892004689	0.0524891043351
DQ	-inf,5.25	111163	-5.05512603249	-5.08020304508	0.0250770125967
DR	-inf,5.25	177976	-4.58447491538	-4.7670256002	0.182550684818
DS	-inf,5.25	167933	-4.64255853479	-4.69739685641	0.0548383216223
DT	-inf,5.25	146651	-4.77806801077	-4.82476672628	0.0466987155117
DV	-inf,5.25	132692	-4.87809297196	-4.87096641347	-0.00712655849335
DW	-inf,5.25	29321	-6.38781964227	-6.4321583026	0.0443386603271
DY	-inf,5.25	87155	-5.29843548246	-5.40338413129	0.104948648829
EE	-inf,5.25	128188	-4.91262568876	-4.91768343762	0.00505774886121
EF	-inf,5.25	82301	-5.35574036685	-5.28161939441	-0.0741209724372
EG	-inf,5.25	178722	-4.58029209918	-4.37301396714	-0.207278132038
EH	-inf,5.25	79274	-5.3932134191	-5.39505209017	0.00183867107319
EI	-inf,5.25	128742	-4.90831322343	-4.92829550736	0.0199822839245
EK	-inf,5.25	281875	-4.12465991487	-4.39839284692	0.273732932057
EL	-inf,5.25	213703	-4.40153642453	-4.41625846026	0.0147220357339
EM	-inf,5.25	58640	-5.69470656755	-5.71958424435	0.0248776768092
EN	-inf,5.25	140522	-4.82075956498	-4.78586565568	-0.0348939092932
EP	-inf,5.25	135537	-4.85687895935	-4.78405481082	-0.0728241485291
EQ	-inf,5.25	136657	-4.8486494883	-4.86533780902	0.016688320713
ER	-inf,5.25	240924	-4.28164209406	-4.55216036413	0.270518270067
ES	-inf,5.25	178126	-4.58363246008	-4.48253162034	-0.101100839739
ET	-inf,5.25	160915	-4.68524734986	-4.60990149021	-0.0753458596559
EV	-inf,5.25	153757	-4.73075019102	-4.6561011774	-0.0746490136182
EW	-inf,5.25	34091	-6.23709020529	-6.21729306653	-0.0197971387563
EY	-inf,5.25	99734	-5.16361698322	-5.18851889522	0.0249019119944
FF	-inf,5.25	15842	-7.00345898408	-7.03185925889	0.0284002748115
FG	-inf,5.25	63344	-5.61754343476	-5.43009956622	-0.187443868535
FH	-inf,5.25	27473	-6.45291992093	-6.45213768926	-0.000782231676078
FI	-inf,5.25	41208	-6.04749121286	-5.98538110644	-0.0621101064164
FK	-inf,5.25	72021	-5.48916588197	-5.45547844601	-0.0336874359573
FL	-inf,5.25	68351	-5.54146743148	-5.47334405935	-0.0681233721366
FM	-inf,5.25	21768	-6.68568262364	-6.77666984344	0.0909872197986
FN	-inf,5.25	49849	-5.8571251891	-5.84295125477	-0.014173934326
FP	-inf,5.25	52408	-5.80706437369	-5.84114040991	0.0340760362118
FQ	-inf,5.25	45642	-5.94529527988	-5.9224234081	-0.0228718717783
FR	-inf,5.25	60107	-5.66999731782	-5.60924596322	-0.0607513546009
FS	-inf,5.25	65383	-5.58586133929	-5.53961721943	-0.0462441198591
FT	-inf,5.25	56207	-5.73708232082	-5.6669870893	-0.0700952315247
FV	-inf,5.25	52097	-5.8130162596	-5.71318677649	-0.0998294831094
FW	-inf,5.25	11050	-7.36369319716	-7.27437866562	-0.0893145315409
FY	-inf,5.25	34593	-6.22247227567	-6.2456044943	0.0231322186365
GG	-inf,5.25	91327	-5.25167715287	-5.21464417531	-0.0370329775682
GH	-inf,5.25	60838	-5.65790903138	-5.54353226198	-0.114376769398
GI	-inf,5.25	96717	-5.19433443667	-5.07677567917	-0.117558757495
GK	-inf,5.25	160891	-4.68539650805	-4.54687301874	-0.138523489315
GL	-inf,5.25	164893	-4.66082684643	-4.56473863207	-0.0960882143539
GM	-inf,5.25	46974	-5.91652936797	-5.86806441617	-0.0484649517999
GN	-inf,5.25	118707	-4.98946535305	-4.9343458275	-0.0551195255478
GP	-inf,5.25	130804	-4.89242360553	-4.93253498263	0.0401113771061
GQ	-inf,5.25	100675	-5.15422611839	-5.01381798083	-0.140408137555
GR	-inf,5.25	130516	-4.89462780051	-4.70064053595	-0.193987264565
GS	-inf,5.25	185567	-4.5427076223	-4.63101179216	0.0883041698537
GT	-inf,5.25	149767	-4.75704287203	-4.75838166202	0.00133878999045
GV	-inf,5.25	135592	-4.85647324841	-4.80458134922	-0.0518918991925
GW	-inf,5.25	25742	-6.5179997259	-6.36577323835	-0.152226487549
GY	-inf,5.25	77217	-5.41950398508	-5.33699906703	-0.0825049180494
HH	-inf,5.25	23228	-6.62076517761	-7.25872550142	0.637960323809
HI	-inf,5.25	36307	-6.17411306498	-6.0988138022	-0.0752992627738
HK	-inf,5.25	60285	-5.66704030855	-5.56891114177	-0.098129166784
HL	-inf,5.25	64314	-5.60234628819	-5.58677675511	-0.0155695330797
HM	-inf,5.25	19823	-6.77928074542	-6.8901025392	0.110821793786
HN	-inf,5.25	44220	-5.97694644969	-5.95638395053	-0.0205624991625
HP	-inf,5.25	50069	-5.85272157102	-5.95457310567	0.101851534646
HQ	-inf,5.25	42688	-6.01220577483	-6.03585610386	0.0236503290319
HR	-inf,5.25	56694	-5.72845524009	-5.72267865898	-0.00577658111663
HS	-inf,5.25	58647	-5.69458720223	-5.65304991519	-0.041537287038
HT	-inf,5.25	52519	-5.80494861624	-5.78041978506	-0.0245288311801
HV	-inf,5.25	46041	-5.93659132126	-5.82661947225	-0.109971849016
HW	-inf,5.25	11142	-7.35540187352	-7.38781136138	0.0324094878542
HY	-inf,5.25	33109	-6.26631847638	-6.35903719006	0.0927187136869
II	-inf,5.25	34697	-6.21947039724	-6.32520937598	0.10573897874
IK	-inf,5.25	114259	-5.02765582383	-5.10215455896	0.0744987351234
IL	-inf,5.25	103387	-5.12764439629	-5.12002017229	-0.0076242239975
IM	-inf,5.25	30403	-6.35158233737	-6.42334595639	0.0717636190195
IN	-inf,5.25	79884	-5.38554804272	-5.48962736772	0.104079325003
IP	-inf,5.25	75327	-5.44428498885	-5.48781652285	0.0435315340039
IQ	-inf,5.25	64483	-5.59972200195	-5.56909952105	-0.0306224809027
IR	-inf,5.25	80555	-5.37718344418	-5.25592207617	-0.121261368014
IS	-inf,5.25	100448	-5.15648344446	-5.18629333238	0.0298098879134
IT	-inf,5.25	85294	-5.32001951308	-5.31366320224	-0.00635631083289
IV	-inf,5.25	76486	-5.42901590757	-5.35986288943	-0.0691530181399
IW	-inf,5.25	12877	-7.21068085083	-6.92105477857	-0.289626072265
IY	-inf,5.25	47017	-5.91561438668	-5.89228060725	-0.0233337794332
KK	-inf,5.25	96692	-5.19459295618	-5.26540200828	0.0708090521015
KL	-inf,5.25	174224	-4.60578179752	-4.59011751186	-0.0156642856594
KM	-inf,5.25	47948	-5.89600653478	-5.89344329596	-0.0025632388232
KN	-inf,5.25	136314	-4.8511625771	-4.95972470729	0.10856213019
KP	-inf,5.25	108822	-5.07641010526	-4.95791386242	-0.11849624284
KQ	-inf,5.25	110944	-5.05709805562	-5.03919686062	-0.0179011950046
KR	-inf,5.25	121745	-4.96419493177	-4.72601941573	-0.238175516034
KS	-inf,5.25	155669	-4.71839166694	-4.65639067194	-0.0620009949982
KT	-inf,5.25	138436	-4.83571550016	-4.78376054181	-0.0519549583475
KV	-inf,5.25	128581	-4.90956456918	-4.829960229	-0.07960434018
KW	-inf,5.25	28144	-6.42878943713	-6.39115211813	-0.0376373189952
KY	-inf,5.25	93194	-5.23144028319	-5.36237794682	0.130937663631
LL	-inf,5.25	96507	-5.19650808055	-5.30113328776	0.104625207206
LM	-inf,5.25	50202	-5.85006875858	-5.91130890929	0.0612401507096
LN	-inf,5.25	118489	-4.99130349586	-4.97759032062	-0.0137131752393
LP	-inf,5.25	133927	-4.86882874974	-4.97577947576	0.10695072602
LQ	-inf,5.25	120315	-4.97601032164	-5.05706247395	0.0810521523159
LR	-inf,5.25	149687	-4.75757717782	-4.74388502907	-0.0136921487476
LS	-inf,5.25	170266	-4.62876170507	-4.67425628528	0.045494580212
LT	-inf,5.25	137187	-4.84477866651	-4.80162615515	-0.0431525113617
LV	-inf,5.25	130208	-4.8969904533	-4.84782584234	-0.0491646109671
LW	-inf,5.25	24771	-6.55645001102	-6.40901773147	-0.147432279551
LY	-inf,5.25	75083	-5.44752945682	-5.38024356015	-0.0672858966713
MM	-inf,5.25	8613	-7.61285093532	-7.90779285228	0.294941916964
MN	-inf,5.25	35170	-6.20593017864	-6.28091610472	0.0749859260793
MP	-inf,5.25	34449	-6.22664365566	-6.27910525985	0.0524616041899
MQ	-inf,5.25	33170	-6.26447777216	-6.36038825805	0.0959104858829
MR	-inf,5.25	39268	-6.09571368729	-6.04721081316	-0.0485028741297
MS	-inf,5.25	47084	-5.91419038457	-5.97758206937	0.0633916848014
MT	-inf,5.25	37948	-6.12990682359	-6.10495193924	-0.024954884352
MV	-inf,5.25	35895	-6.18552561509	-6.15115162643	-0.0343739886629
MW	-inf,5.25	7442	-7.7589839952	-7.71234351556	-0.0466404796347
MY	-inf,5.25	23121	-6.62538232966	-6.68356934425	0.0581870145889
NN	-inf,5.25	56658	-5.72909042961	-6.04034901206	0.311258582443
NP	-inf,5.25	87874	-5.29021965486	-5.34538667118	0.0551670163232
NQ	-inf,5.25	83045	-5.34674099557	-5.42666966938	0.0799286738052
NR	-inf,5.25	94972	-5.21254151381	-5.11349222449	-0.0990492893147
NS	-inf,5.25	124029	-4.94560821589	-5.0438634807	0.0982552648107
NT	-inf,5.25	109722	-5.068173731	-5.17123335057	0.103059619568
NV	-inf,5.25	92088	-5.24337898351	-5.21743303776	-0.0259459457484
NW	-inf,5.25	20593	-6.7411724129	-6.77862492689	0.0374525139943
NY	-inf,5.25	64511	-5.59928787323	-5.74985075558	0.150562882352
PP	-inf,5.25	51598	-5.82264071308	-6.03672731452	0.214086601442
PQ	-inf,5.25	79117	-5.39519585562	-5.42485882451	0.0296629688962
PR	-inf,5.25	100622	-5.15475270349	-5.11168137963	-0.0430713238657
PS	-inf,5.25	123942	-4.94630991088	-5.04205263584	0.0957427249599
PT	-inf,5.25	106951	-5.09375283948	-5.16942250571	0.0756696662303
PV	-inf,5.25	102092	-5.14024925758	-5.2156221929	0.0753729353196
PW	-inf,5.25	21953	-6.67721982068	-6.77681408203	0.0995942613472
PY	-inf,5.25	62077	-5.63774807516	-5.74803991071	0.110291835554
QQ	-inf,5.25	44251	-5.97624565505	-6.19929367567	0.223048020619
QR	-inf,5.25	101194	-5.14908415857	-5.19296437782	0.0438802192591
QS	-inf,5.25	105833	-5.10426124507	-5.12333563404	0.0190743889654
QT	-inf,5.25	91974	-5.24461769671	-5.2507055039	0.00608780719021
QV	-inf,5.25	82013	-5.35924585384	-5.29690519109	-0.0623406627465
QW	-inf,5.25	20845	-6.72900951379	-6.85809708023	0.129087566434
QY	-inf,5.25	53191	-5.79223441602	-5.82932290891	0.0370884928896
RR	-inf,5.25	67054	-5.5606253602	-5.57293752959	0.0123121693857
RS	-inf,5.25	128447	-4.91060725723	-4.81015818915	-0.10044906808
RT	-inf,5.25	115024	-5.02098282288	-4.93752805902	-0.0834547638642
RV	-inf,5.25	108831	-5.07632740481	-4.98372774621	-0.0925996586059
RW	-inf,5.25	25640	-6.52196999307	-6.54491963534	0.0229496422702
RY	-inf,5.25	69051	-5.53127826311	-5.51614546403	-0.0151327990885
SS	-inf,5.25	101899	-5.14214149849	-5.43367981224	0.291538313759
ST	-inf,5.25	144054	-4.79593539584	-4.86789931523	0.0719639193865
SV	-inf,5.25	128135	-4.9130392295	-4.91409900242	0.00105977292415
SW	-inf,5.25	24057	-6.58569761063	-6.47529089155	-0.110406719078
SY	-inf,5.25	77259	-5.41896021128	-5.44651672024	0.027556508959
TT	-inf,5.25	72174	-5.48704375488	-5.6884199848	0.201376229915
TV	-inf,5.25	114999	-5.02120019245	-5.04146887229	0.0202686798361
TW	-inf,5.25	21098	-6.71694537586	-6.60266076142	-0.114284614445
TY	-inf,5.25	64342	-5.60191101893	-5.5738865901	-0.0280244288315
VV	-inf,5.25	54997	-5.75884498683	-5.78081953031	0.0219745434735
VW	-inf,5.25	18521	-6.84721840168	-6.64886044861	-0.198357953073
VY	-inf,5.25	56648	-5.72926694277	-5.62008627729	-0.10918066548
WW	-inf,5.25	3116	-8.62957349711	-8.90321757716	0.273644080041
WY	-inf,5.25	13770	-7.14363131238	-7.18127816643	0.0376468540432
YY	-inf,5.25	21398	-6.70282616541	-6.84565763068	0.14283146527
AA	4.25,6.25	147621	-4.89882535069	-5.13665886005	0.237833509368
AC	4.25,6.25	50542	-5.97066885536	-6.16317994487	0.19251108951
AD	4.25,6.25	162158	-4.80490236058	-4.65218580681	-0.15271655378
AE	4.25,6.25	186286	-4.66619040198	-4.45699536447	-0.209195037514
AF	4.25,6.25	109595	-5.19668177612	-5.18446886606	-0.0122129100559
AG	4.25,6.25	183486	-4.68133515885	-4.55289189228	-0.12844326657
AH	4.25,6.25	71015	-5.63058240682	-5.56321482744	-0.0673675793835
AI	4.25,6.25	171653	-4.74799853198	-4.8177825562	0.0697840242178
AK	4.25,6.25	148024	-4.89609910638	-4.63572088514	-0.260378221231
AL	4.25,6.25	303788	-4.17714343944	-4.32223696576	0.145093526317
AM	4.25,6.25	71288	-5.62674551884	-5.74982363624	0.123078117399
AN	4.25,6.25	116708	-5.13379844037	-4.99078937495	-0.143009065423
AP	4.25,6.25	117061	-5.1307783627	-4.99651135603	-0.134267006675
AQ	4.25,6.25	112705	-5.16869974352	-5.07658513459	-0.092114608931
AR	4.25,6.25	146791	-4.90446372276	-4.77195370866	-0.1325100141
AS	4.25,6.25	195006	-4.62044320183	-4.65233160198	0.0318884001478
AT	4.25,6.25	161195	-4.81085871693	-4.75547205781	-0.0553866591206
AV	4.25,6.25	217130	-4.51297727665	-4.57908277762	0.0661055009734
AW	4.25,6.25	41377	-6.17074835826	-6.19937481238	0.028626454119
AY	4.25,6.25	106131	-5.22879934902	-5.21946635988	-0.00933298913543
CC	4.25,6.25	22957	-6.75985062826	-8.57601161822	1.81616098996
CD	4.25,6.25	40094	-6.20224683197	-6.37185653733	0.169609705362
CE	4.25,6.25	39037	-6.22896361482	-6.176666095	-0.052297519827
CF	4.25,6.25	21121	-6.84320572295	-6.90413959659	0.0609338736403
CG	4.25,6.25	49772	-5.98602095224	-6.27256262281	0.286541670567
CH	4.25,6.25	20732	-6.86179512883	-7.28288555797	0.42109042914
CI	4.25,6.25	31926	-6.43005280431	-6.53745328673	0.107400482414
CK	4.25,6.25	35775	-6.31622420371	-6.35539161567	0.0391674119613
CL	4.25,6.25	50974	-5.96215783035	-6.04190769629	0.079749865944
CM	4.25,6.25	14509	-7.21870438262	-7.46949436677	0.250789984152
CN	4.25,6.25	32555	-6.41054256247	-6.71046010548	0.29991754301
CP	4.25,6.25	34890	-6.34127327396	-6.71618208656	0.374908812599
CQ	4.25,6.25	25710	-6.64659350788	-6.79625586512	0.149662357242
CR	4.25,6.25	32702	-6.40603729104	-6.49162443919	0.0855871481431
CS	4.25,6.25	53185	-5.91969712745	-6.37200233251	0.45230520506
CT	4.25,6.25	38441	-6.24434893082	-6.47514278834	0.230793857519
CV	4.25,6.25	39474	-6.21783130182	-6.29875350815	0.0809222063291
CW	4.25,6.25	9061	-7.68949403991	-7.91904554291	0.229551502991
CY	4.25,6.25	25304	-6.66251104315	-6.93913709041	0.276626047262
DD	4.25,6.25	56706	-5.85559350391	-5.55401261701	-0.301580886903
DE	4.25,6.25	120334	-5.10320231934	-4.66567195693	-0.437530362408
DF	4.25,6.25	99154	-5.29679933209	-5.39314545853	0.0963461264382
DG	4.25,6.25	119941	-5.10647357395	-4.76156848474	-0.344905089206
DH	4.25,6.25	63627	-5.74043562059	-5.7718914199	0.0314557993073
DI	4.25,6.25	146864	-4.90396654068	-5.02645914866	0.122492607981
DK	4.25,6.25	144270	-4.9217869852	-4.84439747761	-0.0773895075905
DL	4.25,6.25	229185	-4.45894399148	-4.53091355822	0.0719695667413
DM	4.25,6.25	54043	-5.90369350317	-5.95850022871	0.0548067255365
DN	4.25,6.25	96785	-5.32098150556	-5.19946596741	-0.121515538148
DP	4.25,6.25	84924	-5.45171679027	-5.20518794849	-0.246528841785
DQ	4.25,6.25	81061	-5.49827157149	-5.28526172705	-0.213009844437
DR	4.25,6.25	140110	-4.95104570077	-4.98063030112	0.0295846003469
DS	4.25,6.25	132150	-5.0095358881	-4.86100819444	-0.14852769366
DT	4.25,6.25	128558	-5.03709336478	-4.96414865027	-0.0729447145099
DV	4.25,6.25	171590	-4.74836561886	-4.78775937008	0.0393937512279
DW	4.25,6.25	39470	-6.21793263948	-6.40805140484	0.190118765359
DY	4.25,6.25	110158	-5.19155783031	-5.42814295235	0.236585122037
EE	4.25,6.25	80143	-5.50966099016	-5.16363119378	-0.346029796381
EF	4.25,6.25	115683	-5.14261983747	-5.19795501619	0.0553351787187
EG	4.25,6.25	112765	-5.16816752193	-4.5663780424	-0.601789479522
EH	4.25,6.25	68805	-5.66219711244	-5.57670097756	-0.0854961348736
EI	4.25,6.25	177523	-4.71437335117	-4.83126870632	0.116895355153
EK	4.25,6.25	183638	-4.68050710071	-4.64920703527	-0.0313000654367
EL	4.25,6.25	285078	-4.24071070212	-4.33572311589	0.0950124137661
EM	4.25,6.25	63440	-5.74337895183	-5.76330978637	0.0199308345413
EN	4.25,6.25	98894	-5.29942495971	-5.00427552507	-0.295149434635
EP	4.25,6.25	85805	-5.4413962493	-5.00999750615	-0.431398743149
EQ	4.25,6.25	96682	-5.32204628673	-5.09007128472	-0.231975002016
ER	4.25,6.25	180493	-4.6977815333	-4.78543985878	0.0876583254844
ES	4.25,6.25	136130	-4.97986321763	-4.66581775211	-0.314045465523
ET	4.25,6.25	137775	-4.96785160939	-4.76895820794	-0.198893401447
EV	4.25,6.25	202085	-4.58478512818	-4.59256892775	0.00778379956572
EW	4.25,6.25	46487	-6.05430082554	-6.2128609625	0.158560136961
EY	4.25,6.25	124227	-5.07136299198	-5.23295251001	0.161589518032
FF	4.25,6.25	32514	-6.41180276334	-6.61858087011	0.206778106769
FG	4.25,6.25	85484	-5.44514430523	-5.293851544	-0.151292761227
FH	4.25,6.25	45303	-6.08010027369	-6.30417447916	0.224074205466
FI	4.25,6.25	87817	-5.41821842539	-5.55874220792	0.140523782529
FK	4.25,6.25	102664	-5.26201200921	-5.37668053686	0.114668527652
FL	4.25,6.25	142496	-4.93415960002	-5.06319661748	0.129037017466
FM	4.25,6.25	38142	-6.25215749197	-6.49078328796	0.238625795992
FN	4.25,6.25	72885	-5.60459067263	-5.73174902667	0.127158354039
FP	4.25,6.25	71056	-5.6300052306	-5.73747100775	0.107465777142
FQ	4.25,6.25	67822	-5.67658690307	-5.81754478631	0.140957883245
FR	4.25,6.25	89916	-5.39459762798	-5.51291336038	0.118315732392
FS	4.25,6.25	99700	-5.29130785219	-5.3932912537	0.101983401515
FT	4.25,6.25	92206	-5.36944832479	-5.49643170953	0.126983384746
FV	4.25,6.25	105575	-5.23405192833	-5.32004242934	0.0859905010087
FW	4.25,6.25	23692	-6.72833609074	-6.9403344641	0.211998373357
FY	4.25,6.25	66691	-5.69340351787	-5.9604260116	0.267022493733
GG	4.25,6.25	72309	-5.61252492641	-5.35542450087	-0.257100425537
GH	4.25,6.25	53793	-5.90833018198	-5.67259750537	-0.235732676602
GI	4.25,6.25	128299	-5.0391100518	-4.92716523413	-0.111944817663
GK	4.25,6.25	102493	-5.26367902559	-4.74510356308	-0.518575462511
GL	4.25,6.25	210726	-4.54291481776	-4.4316196437	-0.111295174064
GM	4.25,6.25	49016	-6.00132675373	-5.85920631418	-0.142120439551
GN	4.25,6.25	91052	-5.38204275727	-5.10017205288	-0.281870704387
GP	4.25,6.25	88285	-5.4129033114	-5.10589403396	-0.307009277438
GQ	4.25,6.25	72052	-5.61608544859	-5.18596781253	-0.430117636067
GR	4.25,6.25	98416	-5.30427013669	-4.88133638659	-0.422933750097
GS	4.25,6.25	145125	-4.91587808914	-4.76171427992	-0.154163809219
GT	4.25,6.25	126433	-5.05376100557	-4.86485473575	-0.188906269818
GV	4.25,6.25	162077	-4.8054019982	-4.68846545556	-0.116936542645
GW	4.25,6.25	34179	-6.36186210877	-6.30875749031	-0.0531046184583
GY	4.25,6.25	94650	-5.3432876515	-5.32884903782	-0.0144386136797
HH	4.25,6.25	19276	-6.93461273038	-7.37607517422	0.441462443844
HI	4.25,6.25	59632	-5.80528118642	-5.93748816929	0.132206982874
HK	4.25,6.25	52576	-5.9312137873	-5.75542649824	-0.17578728906
HL	4.25,6.25	98676	-5.30163177338	-5.44194257886	0.140310805478
HM	4.25,6.25	25266	-6.66401391075	-6.86952924934	0.205515338592
HN	4.25,6.25	42123	-6.15287961935	-6.11049498804	-0.0423846313118
HP	4.25,6.25	44368	-6.10095504028	-6.11621696912	0.0152619288403
HQ	4.25,6.25	39301	-6.22222356531	-6.19629074769	-0.0259328176251
HR	4.25,6.25	54512	-5.89505266824	-5.89165932175	-0.00339334648459
HS	4.25,6.25	59347	-5.81007195698	-5.77203721508	-0.0380347418986
HT	4.25,6.25	57925	-5.83432445884	-5.87517767091	0.0408532120717
HV	4.25,6.25	71464	-5.62427970276	-5.69878839072	0.0745086879629
HW	4.25,6.25	17759	-7.01658109948	-7.31908042547	0.30249932599
HY	4.25,6.25	48151	-6.01913162269	-6.33917197298	0.320040350285
II	4.25,6.25	72753	-5.60640338684	-5.88520666278	0.278803275942
IK	4.25,6.25	158229	-4.82943017836	-5.009994227	0.18056404864
IL	4.25,6.25	217247	-4.51243857408	-4.69651030761	0.184071733534
IM	4.25,6.25	55123	-5.88390647722	-6.1240969781	0.240190500873
IN	4.25,6.25	113457	-5.16204961864	-5.3650627168	0.203013098158
IP	4.25,6.25	100397	-5.28434120282	-5.37078469788	0.0864434950584
IQ	4.25,6.25	95844	-5.33075165943	-5.45085847644	0.120106817012
IR	4.25,6.25	122362	-5.08648966479	-5.14622705051	0.0597373857152
IS	4.25,6.25	150899	-4.87686279031	-5.02660494384	0.149742153527
IT	4.25,6.25	137383	-4.97070088337	-5.12974539967	0.159044516299
IV	4.25,6.25	162203	-4.80462489196	-4.95335611948	0.148731227516
IW	4.25,6.25	29205	-6.51913360166	-6.57364815423	0.0545145525678
IY	4.25,6.25	96758	-5.32126051332	-5.59373970174	0.272479188413
KK	4.25,6.25	62296	-5.76157631088	-5.52108272409	-0.24049358679
KL	4.25,6.25	237622	-4.42279235336	-4.51444863656	0.091656283202
KM	4.25,6.25	53108	-5.92114595312	-5.94203530705	0.0208893539241
KN	4.25,6.25	97219	-5.31650736354	-5.18300104575	-0.133506317792
KP	4.25,6.25	71464	-5.62427970276	-5.18872302683	-0.435556675928
KQ	4.25,6.25	80676	-5.50303239588	-5.26879680539	-0.234235590489
KR	4.25,6.25	91869	-5.37310987988	-4.96416537946	-0.408944500419
KS	4.25,6.25	121035	-5.09739376919	-4.84454327278	-0.252850496403
KT	4.25,6.25	121253	-5.09559425738	-4.94768372861	-0.147910528761
KV	4.25,6.25	169447	-4.7609333356	-4.77129444842	0.010361112828
KW	4.25,6.25	38644	-6.2390820055	-6.39158648318	0.152504477678
KY	4.25,6.25	116448	-5.13602870772	-5.41167803068	0.27564932296
LL	4.25,6.25	197047	-4.61003125019	-4.89411408135	0.28408283116
LM	4.25,6.25	87983	-5.41632991516	-5.62855138766	0.212221472505
LN	4.25,6.25	162498	-4.80280783515	-4.86951712636	0.0667092912118
LP	4.25,6.25	170307	-4.7558708384	-4.87523910744	0.119368269047
LQ	4.25,6.25	170292	-4.75595891851	-4.95531288601	0.199353967494
LR	4.25,6.25	215245	-4.52169661492	-4.65068146007	0.128984845154
LS	4.25,6.25	246530	-4.38598983922	-4.5310593534	0.145069514176
LT	4.25,6.25	215058	-4.52256576997	-4.63419980923	0.111634039265
LV	4.25,6.25	262708	-4.32243037994	-4.45781052904	0.135380149102
LW	4.25,6.25	51349	-5.95482806717	-6.07810256379	0.123274496628
LY	4.25,6.25	146873	-4.90390526137	-5.0981941113	0.194288849931
MM	4.25,6.25	13038	-7.32560535865	-7.74929434141	0.423688982754
MN	4.25,6.25	40577	-6.19027212553	-6.29710379685	0.106831671315
MP	4.25,6.25	38479	-6.24336089122	-6.30282577793	0.0594648867063
MQ	4.25,6.25	37965	-6.25680884649	-6.38289955649	0.126090710002
MR	4.25,6.25	47583	-6.03099797457	-6.07826813056	0.0472701559919
MS	4.25,6.25	54938	-5.8872682525	-5.95864602388	0.0713777713833
MT	4.25,6.25	50057	-5.98031117303	-6.06178647971	0.0814753066804
MV	4.25,6.25	63389	-5.74418318434	-5.88539719952	0.141214015182
MW	4.25,6.25	13591	-7.28406572018	-7.50568923428	0.221623514096
MY	4.25,6.25	38590	-6.24048035361	-6.52578078178	0.285300428179
NN	4.25,6.25	44986	-6.0871221989	-6.23122097724	0.144098778341
NP	4.25,6.25	67021	-5.68846752604	-5.54379151663	-0.144676009408
NQ	4.25,6.25	66274	-5.69967586574	-5.62386529519	-0.0758105705453
NR	4.25,6.25	78776	-5.52686514721	-5.31923386926	-0.207631277949
NS	4.25,6.25	106195	-5.22819650243	-5.19961176259	-0.028584739849
NT	4.25,6.25	100585	-5.28247038797	-5.30275221842	0.0202818304423
NV	4.25,6.25	121976	-5.08964922509	-5.12636293823	0.0367137131415
NW	4.25,6.25	28545	-6.54199173974	-6.74665497298	0.204663233242
NY	4.25,6.25	81593	-5.49173005518	-5.76674652049	0.27501646531
PP	4.25,6.25	37012	-6.28223134477	-6.24266496385	-0.039566380916
PQ	4.25,6.25	57608	-5.83981208221	-5.62958727627	-0.210224805935
PR	4.25,6.25	78555	-5.52967451276	-5.32495585034	-0.204718662416
PS	4.25,6.25	97674	-5.3118381263	-5.20533374366	-0.106504382635
PT	4.25,6.25	91029	-5.38229539209	-5.3084741995	-0.0738211925915
PV	4.25,6.25	124226	-5.07137104179	-5.13208491931	0.0607138775166
PW	4.25,6.25	31225	-6.45225447314	-6.75237695406	0.300122480917
PY	4.25,6.25	79053	-5.52335501556	-5.77246850157	0.249113486012
QQ	4.25,6.25	33125	-6.39318524485	-6.40281287826	0.00962763340845
QR	4.25,6.25	81167	-5.49696476853	-5.4050296289	-0.0919351396292
QS	4.25,6.25	88035	-5.41573906648	-5.28540752223	-0.130331544248
QT	4.25,6.25	86874	-5.42901473613	-5.38854797806	-0.0404667580677
QV	4.25,6.25	111661	-5.17800603355	-5.21215869787	0.0341526643157
QW	4.25,6.25	29271	-6.51687626436	-6.83245073262	0.315574468263
QY	4.25,6.25	69748	-5.6485847827	-5.85254228013	0.203957497431
RR	4.25,6.25	53157	-5.92022373031	-5.79354880715	-0.126674923162
RS	4.25,6.25	112743	-5.16836263696	-4.98077609629	-0.187586540662
RT	4.25,6.25	112877	-5.16717479886	-5.08391655213	-0.0832582467334
RV	4.25,6.25	152425	-4.86680085736	-4.90752727194	0.040726414575
RW	4.25,6.25	38980	-6.23042483508	-6.52781930669	0.297394471614
RY	4.25,6.25	92846	-5.36253132252	-5.5479108542	0.185379531676
SS	4.25,6.25	88636	-5.40893543353	-5.55430420781	0.145368774278
ST	4.25,6.25	138692	-4.96121788194	-4.96429444545	0.00307656351116
SV	4.25,6.25	178654	-4.70802255479	-4.78790516526	0.0798826104737
SW	4.25,6.25	36494	-6.29632566564	-6.40819720001	0.111871534375
SY	4.25,6.25	103150	-5.25728928964	-5.42828874752	0.170999457885
TT	4.25,6.25	73711	-5.59332148737	-5.7605854495	0.167263962132
TV	4.25,6.25	175162	-4.72776226915	-4.89104562109	0.163283351938
TW	4.25,6.25	34479	-6.3531230861	-6.51133765585	0.158214569746
TY	4.25,6.25	97371	-5.31494510411	-5.53142920335	0.21648409924
VV	4.25,6.25	107633	-5.214746237	-5.40780634454	0.193060107541
VW	4.25,6.25	37321	-6.27391735825	-6.33494837566	0.0610310174056
VY	4.25,6.25	110742	-5.1862703576	-5.35503992316	0.168769565562
WW	4.25,6.25	5509	-8.18709041066	-8.64840186048	0.461311449814
WY	4.25,6.25	26566	-6.61384132644	-6.97533195792	0.361490631473
YY	4.25,6.25	38713	-6.23729806821	-6.68857604196	0.451277973742
AA	5.25,7.25	122251	-4.75579780427	-5.12544715717	0.369649352906
AC	5.25,7.25	53701	-5.57844248923	-6.01584222844	0.437399739211
AD	5.25,7.25	90722	-5.05407422696	-4.75286542325	-0.30120880371
AE	5.25,7.25	105969	-4.89872751404	-4.56716414254	-0.331563371499
AF	5.25,7.25	118497	-4.78698646875	-5.0039156072	0.216929138455
AG	5.25,7.25	122548	-4.75337132258	-4.6722213635	-0.0811499590723
AH	5.25,7.25	49767	-5.65452199877	-5.57443678184	-0.0800852169288
AI	5.25,7.25	190404	-4.31272598201	-4.64604296479	0.333316982777
AK	5.25,7.25	83306	-5.13935353716	-4.74243934449	-0.396914192666
AL	5.25,7.25	316185	-3.80554662723	-4.17735042813	0.371803800901
AM	5.25,7.25	66992	-5.35730090327	-5.6722675878	0.314966684528
AN	5.25,7.25	70742	-5.30283465662	-5.06904798635	-0.233786670272
AP	5.25,7.25	66263	-5.36824244052	-5.09723735258	-0.271005087934
AQ	5.25,7.25	64756	-5.39124775217	-5.14705325299	-0.244194499183
AR	5.25,7.25	85650	-5.11160488778	-4.83753109606	-0.274073791715
AS	5.25,7.25	132230	-4.67733128198	-4.70127809563	0.0239468136514
AT	5.25,7.25	111186	-4.85066963794	-4.76242980717	-0.0882398307699
AV	5.25,7.25	219732	-4.1694654906	-4.43709608459	0.267630593987
AW	5.25,7.25	41476	-5.83675916585	-6.06409307519	0.227333909336
AY	5.25,7.25	101072	-4.94604097839	-5.12159799046	0.175557012063
CC	5.25,7.25	24422	-6.36638974714	-8.29254736589	1.92615761875
CD	5.25,7.25	28918	-6.19740987394	-6.33641034954	0.139000475599
CE	5.25,7.25	28222	-6.22177229691	-6.15070906884	-0.0710632280772
CF	5.25,7.25	29477	-6.17826381431	-6.5874605335	0.409196719186
CG	5.25,7.25	40530	-5.85983167191	-6.2557662898	0.395934617891
CH	5.25,7.25	19225	-6.60566259716	-7.15798170814	0.55231911098
CI	5.25,7.25	43345	-5.79268275623	-6.22958789108	0.436905134853
CK	5.25,7.25	25586	-6.31982878565	-6.32598427079	0.00615548513364
CL	5.25,7.25	68691	-5.33225592627	-5.76089535442	0.428639428155
CM	5.25,7.25	17403	-6.7052315074	-7.25581251409	0.550581006698
CN	5.25,7.25	24829	-6.3498617877	-6.65259291265	0.302731124945
CP	5.25,7.25	24714	-6.35450422787	-6.68078227888	0.326278051012
CQ	5.25,7.25	20353	-6.54864579138	-6.73059817928	0.181952387904
CR	5.25,7.25	25502	-6.32311723209	-6.42107602236	0.0979587902716
CS	5.25,7.25	44349	-5.76978395196	-6.28482302193	0.515039069965
CT	5.25,7.25	33587	-6.04773502521	-6.34597473346	0.298239708255
CV	5.25,7.25	49559	-5.65871023355	-6.02064101088	0.361930777329
CW	5.25,7.25	11013	-7.16279771937	-7.64763800148	0.484840282118
CY	5.25,7.25	30575	-6.14169143098	-6.70514291675	0.563451485775
DD	5.25,7.25	19262	-6.60373986941	-5.76658441008	-0.83715545933
DE	5.25,7.25	33691	-6.04464337317	-4.88773226364	-1.15691110953
DF	5.25,7.25	76575	-5.22360345983	-5.3244837283	0.100880268472
DG	5.25,7.25	55120	-5.55236148584	-4.9927894846	-0.559572001241
DH	5.25,7.25	27293	-6.25524385349	-5.89500490294	-0.360238950554
DI	5.25,7.25	109639	-4.86468096191	-4.96661108588	0.101930123969
DK	5.25,7.25	33952	-6.03692635012	-5.06300746559	-0.973918884527
DL	5.25,7.25	163546	-4.46477981622	-4.49791854923	0.0331387330111
DM	5.25,7.25	34110	-6.03228351612	-5.9928357089	-0.0394478072202
DN	5.25,7.25	33295	-6.05646687699	-5.38961610745	-0.666850769537
DP	5.25,7.25	29750	-6.16904498056	-5.41780547368	-0.751239506876
DQ	5.25,7.25	24821	-6.3501840435	-5.46762137408	-0.882562669411
DR	5.25,7.25	44225	-5.7725838725	-5.15809921716	-0.614484655341
DS	5.25,7.25	54662	-5.56070534289	-5.02184621673	-0.538859126161
DT	5.25,7.25	53795	-5.5766935865	-5.08299792827	-0.493695658236
DV	5.25,7.25	119145	-4.7815328738	-4.75766420569	-0.0238686681099
DW	5.25,7.25	25657	-6.31705767368	-6.38466119629	0.0676035226062
DY	5.25,7.25	65042	-5.38684089747	-5.44216611155	0.0553252140788
EE	5.25,7.25	19635	-6.58456042452	-5.39518122411	-1.18937920041
EF	5.25,7.25	88502	-5.07884896192	-5.1387824476	0.0599334856762
EG	5.25,7.25	48380	-5.68278760737	-4.8070882039	-0.87569940347
EH	5.25,7.25	28407	-6.21523851888	-5.70930362223	-0.505934896646
EI	5.25,7.25	126931	-4.71823048082	-4.78090980518	0.0626793243567
EK	5.25,7.25	37818	-5.92908893279	-4.87730618488	-1.05178274791
EL	5.25,7.25	198043	-4.27338993372	-4.31221726852	0.0388273348058
EM	5.25,7.25	38533	-5.91035909553	-5.80713442819	-0.103224667343
EN	5.25,7.25	29605	-6.17393084656	-5.20391482674	-0.970016019821
EP	5.25,7.25	26402	-6.28843434769	-5.23210419298	-1.05633015471
EQ	5.25,7.25	25709	-6.3150329874	-5.28192009338	-1.03311289402
ER	5.25,7.25	48648	-5.67726341473	-4.97239793646	-0.704865478275
ES	5.25,7.25	52005	-5.61053424474	-4.83614493602	-0.77438930872
ET	5.25,7.25	53913	-5.57450247633	-4.89729664756	-0.67720582877
EV	5.25,7.25	140229	-4.61859731198	-4.57196292498	-0.0466343869975
EW	5.25,7.25	29183	-6.18828776459	-6.19895991558	0.0106721509859
EY	5.25,7.25	69961	-5.31393616862	-5.25646483085	-0.0574713377708
FF	5.25,7.25	46561	-5.72111083169	-6.26868582965	0.54757499796
FG	5.25,7.25	74093	-5.25655305165	-5.24383966856	-0.0127133830853
FH	5.25,7.25	42476	-5.81293490201	-6.1460550869	0.33312018489
FI	5.25,7.25	126014	-4.72548110066	-5.21766126984	0.492180169183
FK	5.25,7.25	78049	-5.20453727797	-5.31405764955	0.109520371579
FL	5.25,7.25	199812	-4.26449718808	-4.74896873318	0.484471545107
FM	5.25,7.25	44964	-5.75601194295	-6.24388589286	0.487873949906
FN	5.25,7.25	59964	-5.4681297304	-5.64066629141	0.172536561008
FP	5.25,7.25	56688	-5.52431156443	-5.66885565764	0.144544093213
FQ	5.25,7.25	55151	-5.55179923465	-5.71867155804	0.166872323395
FR	5.25,7.25	72842	-5.27358140063	-5.40914940112	0.135568000494
FS	5.25,7.25	87654	-5.08847686617	-5.27289640069	0.184419534516
FT	5.25,7.25	88267	-5.08150780073	-5.33404811222	0.252540311498
FV	5.25,7.25	142427	-4.6030445248	-5.00871438964	0.405669864841
FW	5.25,7.25	31548	-6.11036391701	-6.63571138024	0.525347463231
FY	5.25,7.25	82697	-5.14669078687	-5.69321629551	0.546525508639
GG	5.25,7.25	39987	-5.87331971126	-5.60529600508	-0.268023706183
GH	5.25,7.25	29783	-6.16793635162	-5.8143608432	-0.353575508418
GI	5.25,7.25	108735	-4.87296038313	-4.88596702614	0.0130066430143
GK	5.25,7.25	41456	-5.83724148873	-4.98236340585	-0.854878082881
GL	5.25,7.25	169527	-4.42886190638	-4.41727448948	-0.0115874168933
GM	5.25,7.25	37489	-5.93782655594	-5.91219164916	-0.0256349067803
GN	5.25,7.25	44042	-5.77673038846	-5.30897204771	-0.467758340757
GP	5.25,7.25	41726	-5.83074967684	-5.33716141394	-0.493588262902
GQ	5.25,7.25	33485	-6.05077653519	-5.38697731434	-0.663799220844
GR	5.25,7.25	45653	-5.74080479025	-5.07745515742	-0.663349632832
GS	5.25,7.25	79141	-5.19064304084	-4.94120215699	-0.249440883849
GT	5.25,7.25	65231	-5.38393929649	-5.00235386852	-0.381585427964
GV	5.25,7.25	124345	-4.73881415219	-4.67702014594	-0.0617940062513
GW	5.25,7.25	26268	-6.29352264422	-6.30401713654	0.0104944923245
GY	5.25,7.25	66167	-5.36969226332	-5.36152205181	-0.00817021150755
HH	5.25,7.25	12335	-7.04943336257	-7.40973182246	0.360298459895
HI	5.25,7.25	56121	-5.53436403851	-5.78818244448	0.253818405965
HK	5.25,7.25	20391	-6.54678048552	-5.88457882418	-0.662201661331
HL	5.25,7.25	88296	-5.08117930608	-5.31948990782	0.238310601744
HM	5.25,7.25	20499	-6.54149800808	-6.81440706749	0.272909059411
HN	5.25,7.25	20264	-6.55302819985	-6.21118746604	-0.341840733805
HP	5.25,7.25	20256	-6.55342306659	-6.23937683228	-0.314046234311
HQ	5.25,7.25	17526	-6.69818861991	-6.28919273268	-0.408995887236
HR	5.25,7.25	24718	-6.35434238938	-5.97967057576	-0.374671813625
HS	5.25,7.25	33231	-6.05839093735	-5.84341757532	-0.214973362022
HT	5.25,7.25	32700	-6.07449903465	-5.90456928686	-0.169929747784
HV	5.25,7.25	62177	-5.43188895611	-5.57923556428	0.147346608174
HW	5.25,7.25	15115	-6.84618648432	-7.20623255488	0.360046070564
HY	5.25,7.25	36390	-5.96758010092	-6.26373747015	0.296157369223
II	5.25,7.25	105796	-4.90036140102	-5.5529391198	0.652577718773
IK	5.25,7.25	114639	-4.82008605203	-4.95618500713	0.136098955104
IL	5.25,7.25	306179	-3.8377042143	-4.39109609077	0.553391876464
IM	5.25,7.25	65711	-5.37660777337	-5.88601325044	0.509405477066
IN	5.25,7.25	86919	-5.09689746206	-5.28279364899	0.18589618693
IP	5.25,7.25	74701	-5.24838063362	-5.31098301522	0.062602381602
IQ	5.25,7.25	74972	-5.24475940205	-5.36079891562	0.116039513572
IR	5.25,7.25	97498	-4.98204224758	-5.0512767587	0.0692345111254
IS	5.25,7.25	129433	-4.69871073981	-4.91502375827	0.216313018458
IT	5.25,7.25	128642	-4.70484075998	-4.97617546981	0.271334709831
IV	5.25,7.25	224349	-4.14867123746	-4.65084174722	0.502170509767
IW	5.25,7.25	40058	-5.87154570867	-6.27783873783	0.406293029156
IY	5.25,7.25	115897	-4.80917224692	-5.33534365309	0.526171406172
KK	5.25,7.25	12965	-6.99962069356	-5.74573221435	-1.25388847921
KL	5.25,7.25	168031	-4.43772562636	-4.48749247047	0.0497668441144
KM	5.25,7.25	33362	-6.05445658482	-5.98240963014	-0.0720469546732
KN	5.25,7.25	27080	-6.2630786645	-5.37919002869	-0.88388863581
KP	5.25,7.25	22154	-6.46385604545	-5.40737939493	-1.05647665053
KQ	5.25,7.25	21815	-6.47927630597	-5.45719529533	-1.02208101064
KR	5.25,7.25	25929	-6.30651207911	-5.14767313841	-1.1588389407
KS	5.25,7.25	45420	-5.74592157587	-5.01142013797	-0.734501437896
KT	5.25,7.25	45620	-5.74152789569	-5.07257184951	-0.66895604618
KV	5.25,7.25	118115	-4.7902153864	-4.74723812693	-0.0429772594717
KW	5.25,7.25	24218	-6.37477795422	-6.37423511753	-0.000542836684414
KY	5.25,7.25	63899	-5.40457040074	-5.4317400328	0.027169632059
LL	5.25,7.25	264887	-3.9825707926	-4.61555280727	0.632982014669
LM	5.25,7.25	102791	-4.929176312	-5.41732071378	0.488144401782
LN	5.25,7.25	121586	-4.76125228122	-4.81410111233	0.052848831108
LP	5.25,7.25	122571	-4.75318365863	-4.84229047856	0.0891068199381
LQ	5.25,7.25	125799	-4.72718871744	-4.89210637897	0.164917661527
LR	5.25,7.25	163935	-4.46240410475	-4.58258422204	0.120180117292
LS	5.25,7.25	201272	-4.25721688545	-4.44633122161	0.189114336157
LT	5.25,7.25	193635	-4.29589916892	-4.50748293315	0.211583764227
LV	5.25,7.25	348162	-3.70920622385	-4.18214921057	0.472942986716
LW	5.25,7.25	66454	-5.36536413357	-5.80914620117	0.443782067604
LY	5.25,7.25	173077	-4.40813753037	-4.86665111644	0.458513586068
MM	5.25,7.25	12835	-7.00969829823	-7.60539429569	0.59569599746
MN	5.25,7.25	27217	-6.25803233448	-6.309018272	0.0509859375248
MP	5.25,7.25	25761	-6.31301239219	-6.33720763823	0.0241952460444
MQ	5.25,7.25	24241	-6.37382869807	-6.38702353864	0.0131948405648
MR	5.25,7.25	32443	-6.08238940916	-6.07750138171	-0.00488802744057
MS	5.25,7.25	40809	-5.85297146723	-5.94124838128	0.0882769140532
MT	5.25,7.25	40432	-5.8622525619	-6.00240009282	0.140147530917
MV	5.25,7.25	72729	-5.27513390796	-5.67706637024	0.401932462278
MW	5.25,7.25	15194	-6.84097349947	-7.30406336084	0.463089861372
MY	5.25,7.25	38246	-5.91783513291	-6.36156827611	0.443733143199
NN	5.25,7.25	16284	-6.77169108191	-6.39895090674	-0.372740175169
NP	5.25,7.25	25921	-6.30682066156	-5.73398803679	-0.572832624776
NQ	5.25,7.25	23032	-6.42498955924	-5.78380393719	-0.64118562205
NR	5.25,7.25	27599	-6.24409457237	-5.47428178027	-0.7698127921
NS	5.25,7.25	48009	-5.69048561922	-5.33802877983	-0.352456839383
NT	5.25,7.25	44100	-5.7754143301	-5.39918049137	-0.376233838725
NV	5.25,7.25	88361	-5.08044341672	-5.07384676879	-0.00659664793235
NW	5.25,7.25	20568	-6.53813764258	-6.70084375939	0.162706116806
NY	5.25,7.25	50002	-5.64981110792	-5.75834867466	0.108537566737
PP	5.25,7.25	14734	-6.87171636429	-6.45532978375	-0.416386580543
PQ	5.25,7.25	20446	-6.54408684821	-5.81199330342	-0.732093544793
PR	5.25,7.25	28335	-6.21777632293	-5.5024711465	-0.715305176429
PS	5.25,7.25	42705	-5.80755810315	-5.36621814607	-0.441339957085
PT	5.25,7.25	40756	-5.85427104444	-5.4273698576	-0.426901186833
PV	5.25,7.25	86949	-5.09655237268	-5.10203613502	0.00548376234514
PW	5.25,7.25	22423	-6.45178689476	-6.72903312562	0.277246230866
PY	5.25,7.25	51158	-5.62695522964	-5.78653804089	0.159582811246
QQ	5.25,7.25	10328	-7.227015459	-6.55496185016	-0.67205360884
QR	5.25,7.25	25594	-6.31951616353	-5.5522870469	-0.767229116632
QS	5.25,7.25	36867	-5.95455727058	-5.41603404647	-0.538523224109
QT	5.25,7.25	37327	-5.94215718717	-5.47718575801	-0.464971429163
QV	5.25,7.25	80681	-5.17137100489	-5.15185203543	-0.0195189694685
QW	5.25,7.25	20811	-6.52639241948	-6.77884902603	0.252456606549
QY	5.25,7.25	44782	-5.76006783958	-5.83635394129	0.0762861017136
RR	5.25,7.25	17513	-6.69893065026	-5.93591608131	-0.763014568946
RS	5.25,7.25	48571	-5.67884746756	-5.10651188955	-0.572335578016
RT	5.25,7.25	49976	-5.65033122236	-5.16766360108	-0.482667621274
RV	5.25,7.25	113469	-4.83034444069	-4.8423298785	0.011985437816
RW	5.25,7.25	27975	-6.23056285835	-6.4693268691	0.238764010753
RY	5.25,7.25	61030	-5.45050856599	-5.52683178437	0.0763232183781
SS	5.25,7.25	43527	-5.78849267735	-5.66340956956	-0.125083107786
ST	5.25,7.25	69930	-5.31437937083	-5.03141060065	-0.282968770182
SV	5.25,7.25	141422	-4.6101257842	-4.70607687807	0.0959510938688
SW	5.25,7.25	29907	-6.16378154584	-6.33307386867	0.169292322831
SY	5.25,7.25	71434	-5.29310016607	-5.39057878394	0.0974786178681
TT	5.25,7.25	35276	-5.99867126652	-5.78571321334	-0.212958053183
TV	5.25,7.25	148536	-4.56104675944	-4.76722858961	0.206181830164
TW	5.25,7.25	29472	-6.17843345248	-6.39422558021	0.215792127733
TY	5.25,7.25	73367	-5.26639986931	-5.45173049548	0.18533062617
VV	5.25,7.25	138341	-4.63215246083	-5.13504473492	0.502892274082
VW	5.25,7.25	47547	-5.70015541703	-6.06889185763	0.368736440597
VY	5.25,7.25	124148	-4.74039971027	-5.12639677289	0.385997062625
WW	5.25,7.25	6666	-7.66485413266	-8.38904970353	0.724195570871
WY	5.25,7.25	29460	-6.17884070151	-6.75339376349	0.574553061981
YY	5.25,7.25	38146	-5.92045320959	-6.50405118772	0.58359797813
AA	6.25,8.25	82624	-4.72416504841	-5.06114372259	0.336978674182
AC	6.25,8.25	41892	-5.40337036572	-5.75957624911	0.356205883385
AD	6.25,8.25	37749	-5.50750625835	-4.97068913525	-0.536817123106
AE	6.25,8.25	40968	-5.42567396947	-4.83619642485	-0.589477544621
AF	6.25,8.25	102019	-4.51330617318	-4.72622791296	0.212921739772
AG	6.25,8.25	71266	-4.87204588829	-4.81576064635	-0.0562852419406
AH	6.25,8.25	28104	-5.80255332867	-5.5468071238	-0.25574620487
AI	6.25,8.25	162436	-4.04818116559	-4.36683222917	0.318651063575
AK	6.25,8.25	31079	-5.70193289368	-4.98383688875	-0.718096004932
AL	6.25,8.25	258757	-3.58257584628	-3.92230079285	0.339724946569
AM	6.25,8.25	50317	-5.22012225146	-5.4938435016	0.27372125014
AN	6.25,8.25	32455	-5.65861072915	-5.22828497158	-0.430325757565
AP	6.25,8.25	33157	-5.6372113879	-5.27700372622	-0.36020766168
AQ	6.25,8.25	27563	-5.82199095	-5.32254462023	-0.499446329767
AR	6.25,8.25	36541	-5.54003032579	-4.96667162169	-0.573358704098
AS	6.25,8.25	70219	-4.88684631395	-4.79790623544	-0.0889400785073
AT	6.25,8.25	62648	-5.00093348618	-4.78916331897	-0.211770167213
AV	6.25,8.25	178178	-3.95568219301	-4.20202370578	0.246341512771
AW	6.25,8.25	32538	-5.65605660654	-5.79960444611	0.143547839567
AY	6.25,8.25	71924	-4.86285523766	-4.91472346675	0.0518682290863
CC	6.25,8.25	16980	-6.30642906275	-7.84432130345	1.53789224071
CD	6.25,8.25	13305	-6.5503253392	-6.3622724603	-0.1880528789
CE	6.25,8.25	12896	-6.58154805787	-6.2277797499	-0.353768307963
CF	6.25,8.25	30652	-5.71576733052	-6.11781123801	0.402043907487
CG	6.25,8.25	25216	-5.91098652996	-6.2073439714	0.296357441447
CH	6.25,8.25	12538	-6.60970121078	-6.93839044885	0.328689238072
CI	6.25,8.25	43144	-5.3739218856	-5.75841555422	0.384493668625
CK	6.25,8.25	10876	-6.75190671686	-6.3754202138	-0.376486503058
CL	6.25,8.25	67723	-4.92303938729	-5.3138841179	0.390844730612
CM	6.25,8.25	15748	-6.38175187055	-6.88542682665	0.503674956102
CN	6.25,8.25	12743	-6.5934831424	-6.61986829664	0.0263851542341
CP	6.25,8.25	12308	-6.62821578617	-6.66858705128	0.0403712651053
CQ	6.25,8.25	10081	-6.82781277956	-6.71412794529	-0.113684834273
CR	6.25,8.25	12196	-6.63735721451	-6.35825494674	-0.279102267763
CS	6.25,8.25	26302	-5.86882026171	-6.1894895605	0.320669298785
CT	6.25,8.25	20440	-6.1209714783	-6.18074664402	0.0597751657279
CV	6.25,8.25	45862	-5.31282835616	-5.59360703083	0.280778674669
CW	6.25,8.25	10697	-6.76850191531	-7.19118777117	0.422685855858
CY	6.25,8.25	23876	-5.96559147333	-6.3063067918	0.340715318477
DD	6.25,8.25	7483	-7.12583146253	-6.2665391372	-0.859292325336
DE	6.25,8.25	10319	-6.8044783875	-5.43889263605	-1.36558575145
DF	6.25,8.25	42336	-5.3928274557	-5.32892412415	-0.0639033315463
DG	6.25,8.25	22638	-6.01883533342	-5.41845685755	-0.600378475876
DH	6.25,8.25	12296	-6.6291912374	-6.14950333499	-0.479687902401
DI	6.25,8.25	59872	-5.04625629354	-4.96952844036	-0.0767278531757
DK	6.25,8.25	8507	-6.99757588964	-5.58653309995	-1.41104278969
DL	6.25,8.25	82803	-4.72200095101	-4.52499700404	-0.19700394697
DM	6.25,8.25	18103	-6.24238757324	-6.09653971279	-0.145847860443
DN	6.25,8.25	12440	-6.61754815632	-5.83098118278	-0.786566973543
DP	6.25,8.25	10443	-6.79253334613	-5.87969993742	-0.912833408715
DQ	6.25,8.25	8435	-7.00607552763	-5.92524083143	-1.0808346962
DR	6.25,8.25	13950	-6.50298573536	-5.56936783289	-0.933617902479
DS	6.25,8.25	21447	-6.07288046818	-5.40060244664	-0.67227802154
DT	6.25,8.25	22721	-6.01517563666	-5.39185953017	-0.623316106496
DV	6.25,8.25	61278	-5.02304435581	-4.80471991697	-0.218324438834
DW	6.25,8.25	12849	-6.58519925633	-6.40230065731	-0.182898599022
DY	6.25,8.25	29805	-5.74378907896	-5.51741967795	-0.226369401015
EE	6.25,8.25	6341	-7.29142875891	-5.99755288457	-1.29387587435
EF	6.25,8.25	49060	-5.2454212048	-5.19443141376	-0.050989791046
EG	6.25,8.25	18870	-6.20089188425	-5.28396414715	-0.916927737104
EH	6.25,8.25	13166	-6.56082749459	-6.0150106246	-0.545816869989
EI	6.25,8.25	64990	-4.96423183173	-4.83503572997	-0.129196101759
EK	6.25,8.25	8708	-6.97422310026	-5.45204038955	-1.52218271071
EL	6.25,8.25	96652	-4.56734834497	-4.39050429365	-0.176844051323
EM	6.25,8.25	19228	-6.1820976936	-5.9620470024	-0.220050691203
EN	6.25,8.25	9543	-6.8826573422	-5.69648847238	-1.18616886982
EP	6.25,8.25	9287	-6.90984967084	-5.74520722702	-1.16464244382
EQ	6.25,8.25	8635	-6.98264153203	-5.79074812103	-1.191893411
ER	6.25,8.25	14692	-6.45116211567	-5.43487512249	-1.01628699319
ES	6.25,8.25	18780	-6.20567276985	-5.26610973624	-0.93956303361
ET	6.25,8.25	20374	-6.12420566546	-5.25736681977	-0.866838845695
EV	6.25,8.25	68487	-4.9118212974	-4.67022720658	-0.24159409082
EW	6.25,8.25	13569	-6.53067746447	-6.26780794691	-0.262869517557
EY	6.25,8.25	29801	-5.74392329364	-5.38292696755	-0.360996326089
FF	6.25,8.25	53194	-5.1645196356	-5.77761525903	0.613095623435
FG	6.25,8.25	51812	-5.19084346096	-5.17399563525	-0.0168478257101
FH	6.25,8.25	29742	-5.74590505537	-5.9050421127	0.159137057337
FI	6.25,8.25	139962	-4.19709428644	-4.72506721807	0.527972931636
FK	6.25,8.25	41474	-5.41339851876	-5.34207187765	-0.0713266411016
FL	6.25,8.25	220180	-3.74401984999	-4.28053578175	0.536515931762
FM	6.25,8.25	45252	-5.32621837557	-5.8520784905	0.525860114936
FN	6.25,8.25	36144	-5.55095428391	-5.58651996049	0.0355656765804
FP	6.25,8.25	34539	-5.59637612327	-5.63523871513	0.0388625918559
FQ	6.25,8.25	31996	-5.67285434865	-5.68077960914	0.00792526049232
FR	6.25,8.25	43176	-5.37318045832	-5.32490661059	-0.0482738477216
FS	6.25,8.25	57859	-5.08045622733	-5.15614122435	0.075684997017
FT	6.25,8.25	63710	-4.9841237075	-5.14739830788	0.163274600372
FV	6.25,8.25	149774	-4.12933775237	-4.56025869468	0.430920942317
FW	6.25,8.25	32806	-5.64785381814	-6.15783943502	0.509985616875
FY	6.25,8.25	76998	-4.79468579614	-5.27295845565	0.478272659512
GG	6.25,8.25	21071	-6.0905675561	-5.95668121068	-0.133886345419
GH	6.25,8.25	16670	-6.32485454687	-5.9945748461	-0.330279700774
GI	6.25,8.25	74231	-4.83128339095	-4.81459995147	-0.0166834394857
GK	6.25,8.25	14824	-6.44221775465	-5.43160461105	-1.0106131436
GL	6.25,8.25	109075	-4.44642952462	-4.37006851514	-0.0763610094781
GM	6.25,8.25	24365	-5.94531756734	-5.9416112239	-0.00370634344069
GN	6.25,8.25	18770	-6.20620539303	-5.67605269388	-0.530152699155
GP	6.25,8.25	18990	-6.19455271881	-5.72477144852	-0.469781270287
GQ	6.25,8.25	14538	-6.46169933257	-5.77031234253	-0.691386990039
GR	6.25,8.25	18811	-6.20402343852	-5.41443934399	-0.789584094535
GS	6.25,8.25	39454	-5.46332980731	-5.24567395774	-0.21765584957
GT	6.25,8.25	32037	-5.67157375877	-5.23693104127	-0.434642717507
GV	6.25,8.25	81041	-4.74351004418	-4.64979142807	-0.0937186161074
GW	6.25,8.25	16901	-6.31109245186	-6.24737216841	-0.0637202834467
GY	6.25,8.25	37609	-5.51122186018	-5.36249118905	-0.148730671131
HH	6.25,8.25	7799	-7.08446972328	-7.41878026445	0.334310541168
HI	6.25,8.25	39258	-5.46830999852	-5.54564642891	0.0773364303981
HK	6.25,8.25	7092	-7.17949785542	-6.1626510885	-1.01684676692
HL	6.25,8.25	60585	-5.03441790595	-5.10111499259	0.0666970866448
HM	6.25,8.25	13675	-6.52289589532	-6.67265770134	0.149761806021
HN	6.25,8.25	9945	-6.84139533133	-6.40709917133	-0.434296159998
HP	6.25,8.25	9482	-6.88906997915	-6.45581792597	-0.433252053182
HQ	6.25,8.25	8325	-7.01920220777	-6.50135881998	-0.517843387786
HR	6.25,8.25	10860	-6.75337892913	-6.14548582144	-0.607893107691
HS	6.25,8.25	17679	-6.26608774911	-5.97672043519	-0.289367313919
HT	6.25,8.25	17445	-6.27941216899	-5.96797751872	-0.311434650277
HV	6.25,8.25	41226	-5.41939611835	-5.38083790552	-0.0385582128311
HW	6.25,8.25	9969	-6.83898496559	-6.97841864586	0.139433680267
HY	6.25,8.25	22049	-6.04519799424	-6.09353766649	0.0483396722535
II	6.25,8.25	118831	-4.36076292798	-5.05882232863	0.698059400643
IK	6.25,8.25	58728	-5.06554862882	-4.98267619387	-0.0828724349573
IL	6.25,8.25	335291	-3.32346643215	-3.92114009796	0.597673665809
IM	6.25,8.25	63055	-4.99445788222	-5.49268280671	0.498224924491
IN	6.25,8.25	48434	-5.25826319719	-5.2271242767	-0.0311389204955
IP	6.25,8.25	45142	-5.32865216662	-5.27584303134	-0.0528091352827
IQ	6.25,8.25	42029	-5.40010538743	-5.32138392535	-0.078721462078
IR	6.25,8.25	54036	-5.14881475252	-4.96551092681	-0.183303825719
IS	6.25,8.25	83289	-4.716148756	-4.79674554056	0.0805967845589
IT	6.25,8.25	90422	-4.63397764301	-4.78800262409	0.154024981077
IV	6.25,8.25	233635	-3.68470517513	-4.20086301089	0.51615783576
IW	6.25,8.25	40327	-5.44144402383	-5.79844375123	0.356999727402
IY	6.25,8.25	100473	-4.52857620894	-4.91356277186	0.384986562921
KK	6.25,8.25	2182	-8.35822335622	-6.29283473168	-2.06538862454
KL	6.25,8.25	79808	-4.75884149357	-4.53814475754	-0.220696736029
KM	6.25,8.25	15722	-6.38340423826	-6.1096874663	-0.273716771964
KN	6.25,8.25	7224	-7.16105642752	-5.84412893628	-1.31692749124
KP	6.25,8.25	6730	-7.23189009998	-5.89284769092	-1.33904240905
KQ	6.25,8.25	6261	-7.30412532687	-5.93838858493	-1.36573674194
KR	6.25,8.25	6442	-7.27562619272	-5.58251558639	-1.69311060634
KS	6.25,8.25	14525	-6.46259394089	-5.41375020014	-1.04884374075
KT	6.25,8.25	15260	-6.41323021778	-5.40500728367	-1.00822293411
KV	6.25,8.25	56791	-5.09908738116	-4.81786767048	-0.281219710688
KW	6.25,8.25	10605	-6.77713965562	-6.41544841081	-0.361691244805
KY	6.25,8.25	24910	-5.92319591436	-5.53056743145	-0.392628482911
LL	6.25,8.25	282446	-3.49497786176	-4.16975815908	0.674780297325
LM	6.25,8.25	100059	-4.53270523163	-5.04815137039	0.515446138768
LN	6.25,8.25	68195	-4.91609399525	-4.78259284038	-0.133501154876
LP	6.25,8.25	70768	-4.87905832251	-4.83131159502	-0.0477467274874
LQ	6.25,8.25	66580	-4.94006101149	-4.87685248903	-0.063208522457
LR	6.25,8.25	86609	-4.67706150737	-4.52097949048	-0.156082016882
LS	6.25,8.25	125148	-4.3089682067	-4.35221410424	0.043245897533
LT	6.25,8.25	131044	-4.26293209896	-4.34347118777	0.0805390888029
LV	6.25,8.25	354328	-3.26824220581	-3.75633157457	0.488089368761
LW	6.25,8.25	66263	-4.9448335716	-5.35391231491	0.409078743307
LY	6.25,8.25	151320	-4.11906844387	-4.46903133554	0.349962891677
MM	6.25,8.25	11165	-6.72568135834	-7.31285241339	0.587171055046
MN	6.25,8.25	15271	-6.41250963866	-6.35413554913	-0.0583740895323
MP	6.25,8.25	14809	-6.44323013958	-6.40285430377	-0.0403758358064
MQ	6.25,8.25	13312	-6.54979935955	-6.44839519778	-0.101404161773
MR	6.25,8.25	16879	-6.31239499793	-6.09252219924	-0.219872798689
MS	6.25,8.25	25366	-5.90505554899	-5.92375681299	0.0187012640027
MT	6.25,8.25	26680	-5.85455102258	-5.91501389652	0.0604628739325
MV	6.25,8.25	67392	-4.92793892712	-5.32787428332	0.399935356204
MW	6.25,8.25	13660	-6.52399338949	-6.92545502366	0.401461634169
MY	6.25,8.25	30091	-5.73423911991	-6.0405740443	0.306334924386
NN	6.25,8.25	5538	-7.42683181888	-6.78173275205	-0.64509906683
NP	6.25,8.25	9980	-6.83788215331	-6.13729577375	-0.700586379555
NQ	6.25,8.25	8302	-7.021968794	-6.18283666776	-0.839132126238
NR	6.25,8.25	9648	-6.87171460365	-5.82696366922	-1.04475093443
NS	6.25,8.25	19701	-6.15779584775	-5.65819828297	-0.499597564782
NT	6.25,8.25	18838	-6.20258913723	-5.6494553665	-0.553133770731
NV	6.25,8.25	47583	-5.27598968904	-5.06231575331	-0.213673935735
NW	6.25,8.25	11405	-6.7044133879	-6.65989649364	-0.0445168942537
NY	6.25,8.25	24392	-5.94421003395	-5.77501551428	-0.169194519667
PP	6.25,8.25	6192	-7.31520710734	-6.87917068832	-0.436036419029
PQ	6.25,8.25	7660	-7.10245325988	-6.2315554224	-0.870897837475
PR	6.25,8.25	9766	-6.85955827799	-5.87568242386	-0.983875854132
PS	6.25,8.25	17932	-6.25187841734	-5.70691703761	-0.544961379725
PT	6.25,8.25	18069	-6.2442674809	-5.69817412114	-0.54609335976
PV	6.25,8.25	48782	-5.25110385127	-5.11103450795	-0.140069343325
PW	6.25,8.25	12003	-6.65330862509	-6.70861524828	0.0553066231947
PY	6.25,8.25	26323	-5.86802216191	-5.82373426892	-0.0442878929871
QQ	6.25,8.25	4063	-7.73654362663	-6.97025289472	-0.766290731907
QR	6.25,8.25	8529	-6.99499312229	-5.92122331787	-1.07376980442
QS	6.25,8.25	14624	-6.45580122892	-5.75245793162	-0.703343297297
QT	6.25,8.25	15265	-6.41290261745	-5.74371501515	-0.669187602294
QV	6.25,8.25	43518	-5.36529059802	-5.15657540196	-0.208715196064
QW	6.25,8.25	11377	-6.70687147007	-6.75415614229	0.0472846722186
QY	6.25,8.25	21966	-6.04896944027	-5.86927516293	-0.179694277336
RR	6.25,8.25	5700	-7.39799906879	-6.25850408358	-1.13949498521
RS	6.25,8.25	18883	-6.20020319723	-5.39658493308	-0.803618264153
RT	6.25,8.25	19301	-6.17830833559	-5.38784201661	-0.790466318984
RV	6.25,8.25	61158	-5.02500456422	-4.80070240341	-0.224302160803
RW	6.25,8.25	13838	-6.51104681256	-6.39828314375	-0.112763668806
RY	6.25,8.25	30127	-5.73304346398	-5.51340216439	-0.219641299597
SS	6.25,8.25	19108	-6.1883581481	-5.92097228868	-0.267385859424
ST	6.25,8.25	32809	-5.64776237564	-5.21907663036	-0.428685745275
SV	6.25,8.25	84432	-4.70251876697	-4.63193701717	-0.0705817498002
SW	6.25,8.25	18428	-6.22459399656	-6.2295177575	0.00492376094447
SY	6.25,8.25	40465	-5.43802784068	-5.34463677814	-0.0933910625448
TT	6.25,8.25	16358	-6.34374816932	-5.90348640733	-0.440261761994
TV	6.25,8.25	95787	-4.57633826724	-4.6231941007	0.0468558334593
TW	6.25,8.25	19327	-6.17696216163	-6.22077484103	0.0438126794018
TY	6.25,8.25	41584	-5.41074976573	-5.33589386167	-0.0748559040657
VV	6.25,8.25	136544	-4.22181833663	-4.72920473275	0.507386396125
VW	6.25,8.25	45635	-5.31779027766	-5.63363522784	0.315844950175
VY	6.25,8.25	103480	-4.49908688631	-4.74875424847	0.24966736216
WW	6.25,8.25	6634	-7.24625730311	-7.92437829164	0.678120988536
WY	6.25,8.25	24454	-5.94167144191	-6.34633498881	0.404663546899
YY	6.25,8.25	27107	-5.83867324652	-6.15460744042	0.315934193898
AA	7.25,inf	65775	-4.66908950177	-4.8970541672	0.22796466543
AC	7.25,inf	33603	-5.34071398	-5.46792792856	0.127213948555
AD	7.25,inf	19296	-5.89543150816	-5.28418315714	-0.611248351018
AE	7.25,inf	18593	-5.9325441629	-5.26619290204	-0.666351260862
AF	7.25,inf	90551	-4.34941610081	-4.39360570909	0.044189608282
AG	7.25,inf	58218	-4.79113474343	-4.82052562577	0.0293908823448
AH	7.25,inf	17965	-5.96690390814	-5.58689745755	-0.380006450589
AI	7.25,inf	148251	-3.85642254548	-4.03503586966	0.178613324181
AK	7.25,inf	11169	-6.44218724514	-5.44400139039	-0.998185854753
AL	7.25,inf	216953	-3.47564858848	-3.61493592503	0.139287336553
AM	7.25,inf	42271	-5.11122805696	-5.26307448599	0.151846429026
AN	7.25,inf	17838	-5.97399831546	-5.47852638106	-0.495471934394
AP	7.25,inf	20563	-5.83183598436	-5.45512497561	-0.376711008753
AQ	7.25,inf	13310	-6.26681369629	-5.60450627377	-0.66230742252
AR	7.25,inf	14859	-6.15672358643	-5.27649454627	-0.880229040161
AS	7.25,inf	44692	-5.05553481402	-4.89383679715	-0.16169801687
AT	7.25,inf	43018	-5.09371069595	-4.8774138827	-0.216296813247
AV	7.25,inf	162020	-3.7676095443	-3.91385150822	0.146241963919
AW	7.25,inf	24221	-5.66810930324	-5.51621893744	-0.151890365795
AY	7.25,inf	48392	-4.9759948179	-4.7279173182	-0.248077499697
CC	7.25,inf	10262	-6.52688157618	-7.42512067945	0.898239103264
CD	7.25,inf	6469	-6.98830779164	-6.54820952421	-0.440098267431
CE	7.25,inf	5626	-7.12793061863	-6.53021926911	-0.597711349522
CF	7.25,inf	29737	-5.462937267	-5.65763207616	0.194694809162
CG	7.25,inf	18054	-5.96196206182	-6.08455199284	0.122589931019
CH	7.25,inf	7550	-6.83378176544	-6.85092382462	0.017142059176
CI	7.25,inf	41320	-5.13398268445	-5.29906223673	0.165079552284
CK	7.25,inf	3628	-7.56664779645	-6.70802775746	-0.858620038988
CL	7.25,inf	60774	-4.74816726277	-4.8789622921	0.130795029336
CM	7.25,inf	13896	-6.22372829976	-6.52710085306	0.303372553295
CN	7.25,inf	6548	-6.97616966919	-6.74255274813	-0.233616921059
CP	7.25,inf	7270	-6.87157303716	-6.71915134268	-0.152421694477
CQ	7.25,inf	4546	-7.34108160327	-6.86853264084	-0.472548962427
CR	7.25,inf	4991	-7.24769303821	-6.54052091334	-0.707172124878
CS	7.25,inf	16542	-6.04942672743	-6.15786316422	0.108436436784
CT	7.25,inf	13102	-6.28256443839	-6.14144024977	-0.141124188621
CV	7.25,inf	44166	-5.0673740664	-5.17787787529	0.110503808891
CW	7.25,inf	10294	-6.52376812747	-6.78024530451	0.256477177041
CY	7.25,inf	16519	-6.05081809513	-5.99194368527	-0.0588744098586
DD	7.25,inf	3469	-7.61146296071	-7.05762791328	-0.553835047436
DE	7.25,inf	4459	-7.36040480306	-6.34647449769	-1.01393030536
DF	7.25,inf	20644	-5.82790460841	-5.47388730474	-0.354017303672
DG	7.25,inf	12646	-6.31798836906	-5.90080722142	-0.41718114764
DH	7.25,inf	6946	-6.91716337438	-6.6671790532	-0.249984321183
DI	7.25,inf	32697	-5.36804599813	-5.11531746531	-0.252728532812
DK	7.25,inf	3330	-7.65235702471	-6.52428298604	-1.12807403867
DL	7.25,inf	39734	-5.17312208436	-4.69521752068	-0.47790456367
DM	7.25,inf	9345	-6.62048788779	-6.34335608164	-0.277131806156
DN	7.25,inf	5186	-7.20936664158	-6.55880797671	-0.650558664871
DP	7.25,inf	4546	-7.34108160327	-6.53540657126	-0.805675032012
DQ	7.25,inf	3775	-7.526928946	-6.68478786942	-0.842141076576
DR	7.25,inf	5773	-7.10213745262	-6.35677614192	-0.745361310707
DS	7.25,inf	10387	-6.51477430446	-5.9741183928	-0.54065591166
DT	7.25,inf	11000	-6.4574340559	-5.95769547835	-0.499738577552
DV	7.25,inf	32961	-5.36000428431	-4.99413310387	-0.365871180446
DW	7.25,inf	6389	-7.00075156708	-6.59650053309	-0.404251033989
DY	7.25,inf	14027	-6.21434528496	-5.80819891385	-0.406146371114
EE	7.25,inf	3282	-7.66687633603	-7.02164711817	-0.645229217865
EF	7.25,inf	22871	-5.72545959622	-5.45589704964	-0.269562546573
EG	7.25,inf	9745	-6.57857499574	-5.88281696633	-0.695758029414
EH	7.25,inf	7922	-6.7856856295	-6.6491887981	-0.136496831402
EI	7.25,inf	30358	-5.4422692545	-5.09732721022	-0.344942044279
EK	7.25,inf	3203	-7.69124145807	-6.50629273094	-1.18494872713
EL	7.25,inf	39781	-5.17193991733	-4.67722726559	-0.494712651743
EM	7.25,inf	8729	-6.68867851295	-6.32536582654	-0.363312686408
EN	7.25,inf	4187	-7.42334484166	-6.54081772162	-0.882527120048
EP	7.25,inf	4398	-7.37417943657	-6.51741631616	-0.856763120407
EQ	7.25,inf	3914	-7.49076945973	-6.66679761433	-0.823971845401
ER	7.25,inf	6255	-7.02194818478	-6.33878588682	-0.683162297964
ES	7.25,inf	8646	-6.69823254246	-5.9561281377	-0.742104404757
ET	7.25,inf	9671	-6.58619761197	-5.93970522325	-0.646492388713
EV	7.25,inf	30910	-5.42424957256	-4.97614284877	-0.448106723786
EW	7.25,inf	6922	-6.92062458349	-6.57851027799	-0.342114305493
EY	7.25,inf	14048	-6.21284929181	-5.79020865875	-0.422640633056
FF	7.25,inf	64510	-4.68850907816	-5.27646359569	0.58795451753
FG	7.25,inf	42168	-5.11366768915	-5.01022977338	-0.10343791577
FH	7.25,inf	21324	-5.79549612974	-5.77660160515	-0.0188945245906
FI	7.25,inf	166194	-3.74217354801	-4.22474001727	0.482566469254
FK	7.25,inf	16166	-6.07241905739	-5.63370553799	-0.438713519396
FL	7.25,inf	237807	-3.38386990838	-3.80464007264	0.420770164262
FM	7.25,inf	48207	-4.97982508997	-5.45277863359	0.472953543618
FN	7.25,inf	19263	-5.89714317122	-5.66823052867	-0.228912642554
FP	7.25,inf	21079	-5.80705204448	-5.64482912321	-0.162222921271
FQ	7.25,inf	16716	-6.03896298412	-5.79421042138	-0.244752562738
FR	7.25,inf	20396	-5.83999052551	-5.46619869387	-0.373791831639
FS	7.25,inf	40159	-5.16248275403	-5.08354094475	-0.0789418092768
FT	7.25,inf	44976	-5.04920031454	-5.0671180303	0.0179177157671
FV	7.25,inf	163071	-3.76114363991	-4.10355565582	0.342412015911
FW	7.25,inf	34856	-5.30410403989	-5.70592308505	0.40181904516
FY	7.25,inf	66992	-4.65075611942	-4.9176214658	0.266865346379
GG	7.25,inf	16448	-6.05512543943	-6.13030692163	0.0751814822011
GH	7.25,inf	11918	-6.37727946638	-6.20352152183	-0.173757944544
GI	7.25,inf	66298	-4.66116959788	-4.65165993395	-0.00950966392658
GK	7.25,inf	6065	-7.0527947863	-6.06062545468	-0.992169331629
GL	7.25,inf	88680	-4.37029494395	-4.23155998932	-0.138734954632
GM	7.25,inf	19904	-5.86440861214	-5.87969855027	0.0152899381292
GN	7.25,inf	10846	-6.47153298028	-6.09515044535	-0.376382534933
GP	7.25,inf	12561	-6.324732553	-6.07174903989	-0.252983513101
GQ	7.25,inf	7725	-6.81086750592	-6.22113033806	-0.589737167857
GR	7.25,inf	9196	-6.6365607218	-5.89311861055	-0.743442111249
GS	7.25,inf	26347	-5.58397491219	-5.51046086143	-0.0735140507562
GT	7.25,inf	23170	-5.71247099026	-5.49403794699	-0.218433043271
GV	7.25,inf	72809	-4.56748975477	-4.5304755725	-0.0370141822619
GW	7.25,inf	12415	-6.33642390974	-6.13284300173	-0.203580908013
GY	7.25,inf	24999	-5.63649350463	-5.34454138249	-0.291952122147
HH	7.25,inf	5671	-7.11996385967	-7.6630621635	0.543098303833
HI	7.25,inf	26238	-5.58812058704	-5.41803176572	-0.17008882132
HK	7.25,inf	2598	-7.90058741045	-6.82699728645	-1.07359012401
HL	7.25,inf	37833	-5.22214759106	-4.99793182109	-0.224215769967
HM	7.25,inf	8945	-6.66423461174	-6.64607038204	-0.0181642296953
HN	7.25,inf	5532	-7.1447799149	-6.86152227712	-0.283257637778
HP	7.25,inf	5749	-7.10630340206	-6.83812087167	-0.268182530394
HQ	7.25,inf	4499	-7.35147417884	-6.98750216983	-0.36397200901
HR	7.25,inf	5129	-7.22041862029	-6.65949044232	-0.560928177971
HS	7.25,inf	10885	-6.46794363401	-6.2768326932	-0.191110940811
HT	7.25,inf	10282	-6.52493453507	-6.26040977876	-0.26452475631
HV	7.25,inf	28054	-5.5211981044	-5.29684740428	-0.224350700128
HW	7.25,inf	6906	-6.92293872973	-6.8992148335	-0.0237238962338
HY	7.25,inf	14049	-6.21277810983	-6.11091321426	-0.101864895574
II	7.25,inf	136472	-3.93920986332	-4.55932194061	0.620112077283
IK	7.25,inf	22726	-5.73181968521	-5.27513569857	-0.45668398664
IL	7.25,inf	360628	-2.96748237258	-3.44607023321	0.478587860628
IM	7.25,inf	63871	-4.69846390445	-5.09420879416	0.395744889716
IN	7.25,inf	27303	-5.54833274244	-5.30966068924	-0.238672053199
IP	7.25,inf	31120	-5.41747862939	-5.28625928378	-0.131219345607
IQ	7.25,inf	21083	-5.80686230016	-5.43564058195	-0.371221718214
IR	7.25,inf	25635	-5.61137072347	-5.10762885444	-0.503741869024
IS	7.25,inf	56715	-4.81729060269	-4.72497110532	-0.092319497369
IT	7.25,inf	64728	-4.6851354542	-4.70854819088	0.0234127366803
IV	7.25,inf	253542	-3.31979983892	-3.74498581639	0.425185977474
IW	7.25,inf	40052	-5.16515071886	-5.34735324562	0.182202526762
IY	7.25,inf	83673	-4.42841298389	-4.55905162638	0.130638642484
KK	7.25,inf	554	-9.44591992094	-7.37726714909	-2.06865277185
KL	7.25,inf	27888	-5.52713283992	-4.85503575394	-0.672097085987
KM	7.25,inf	5794	-7.09850642935	-6.50317431489	-0.595332114465
KN	7.25,inf	2348	-8.00176542674	-6.71862620996	-1.28313921677
KP	7.25,inf	2411	-7.9752877295	-6.69522480451	-1.28006292499
KQ	7.25,inf	2191	-8.07097126809	-6.84460610268	-1.22636516541
KR	7.25,inf	1875	-8.22672066928	-6.51659437517	-1.71012629411
KS	7.25,inf	5075	-7.23100280377	-6.13393662605	-1.09706617773
KT	7.25,inf	5695	-7.1157407318	-6.1175137116	-0.9982270202
KV	7.25,inf	21626	-5.78143303418	-5.15395133712	-0.627481697059
KW	7.25,inf	4455	-7.36130226778	-6.75631876634	-0.604983501435
KY	7.25,inf	8630	-6.70008482361	-5.9680171471	-0.732067676505
LL	7.25,inf	284612	-3.20420247949	-3.71912047956	0.514918000068
LM	7.25,inf	93045	-4.32224608161	-4.67410884953	0.351862767926
LN	7.25,inf	35351	-5.29000264822	-4.88956074461	-0.400441903606
LP	7.25,inf	43923	-5.07289122782	-4.86615933915	-0.206731888667
LQ	7.25,inf	31504	-5.4052148068	-5.01554063732	-0.389674169484
LR	7.25,inf	36382	-5.26125518186	-4.68752890981	-0.57372627205
LS	7.25,inf	80353	-4.46889990056	-4.30487116069	-0.164028739871
LT	7.25,inf	89393	-4.36228694936	-4.28844824625	-0.0738387031171
LV	7.25,inf	359529	-2.9705344872	-3.32488587176	0.354351384565
LW	7.25,inf	62612	-4.71837237567	-4.92725330099	0.208880925313
LY	7.25,inf	116946	-4.09361703891	-4.13895168175	0.0453346428392
MM	7.25,inf	10543	-6.49986719611	-7.01541023719	0.515543041087
MN	7.25,inf	8758	-6.68536176032	-6.53769930556	-0.14766245476
MP	7.25,inf	9347	-6.6202738925	-6.51429790011	-0.105975992393
MQ	7.25,inf	6841	-6.93239540892	-6.66367919827	-0.268716210649
MR	7.25,inf	7922	-6.7856856295	-6.33566747076	-0.450018158737
MS	7.25,inf	17533	-5.99124450921	-5.95300972164	-0.0382347875687
MT	7.25,inf	18504	-5.93734240377	-5.9365868072	-0.000755596572779
MV	7.25,inf	64463	-4.68923791291	-4.97302443272	0.28378651981
MW	7.25,inf	12772	-6.30807405385	-6.57539186194	0.267317808092
MY	7.25,inf	23859	-5.68316782406	-5.7870902427	0.103922418641
NN	7.25,inf	2788	-7.8300048358	-7.44631778906	-0.383687046739
NP	7.25,inf	5376	-7.17338472548	-6.72974979518	-0.443634930297
NQ	7.25,inf	4063	-7.4534077117	-6.87913109335	-0.574276618347
NR	7.25,inf	3956	-7.48009591494	-6.55111936584	-0.928976549101
NS	7.25,inf	10352	-6.51814959094	-6.16846161672	-0.349687974223
NT	7.25,inf	9931	-6.55966815078	-6.15203870227	-0.407629448505
NV	7.25,inf	26170	-5.59071561216	-5.18847632779	-0.402239284367
NW	7.25,inf	6502	-6.98321950682	-6.79084375702	-0.192375749803
NY	7.25,inf	12229	-6.35151914849	-6.00254213777	-0.34897701072
PP	7.25,inf	3145	-7.70951543855	-7.39951452925	-0.310000909297
PQ	7.25,inf	3432	-7.62218614708	-6.85572968789	-0.766456459182
PR	7.25,inf	3785	-7.52428344181	-6.52771796039	-0.996565481426
PS	7.25,inf	9662	-6.58712866257	-6.14506021127	-0.442068451304
PT	7.25,inf	10474	-6.50643333284	-6.12863729682	-0.377796036024
PV	7.25,inf	33505	-5.34363464728	-5.16507492234	-0.178559724938
PW	7.25,inf	6694	-6.95411772591	-6.76744235156	-0.18667537435
PY	7.25,inf	13474	-6.25456742616	-5.97914073232	-0.275426693843
QQ	7.25,inf	1870	-8.22939089783	-7.6982801802	-0.531110717633
QR	7.25,inf	3276	-7.66870616271	-6.67709925855	-0.99160690416
QS	7.25,inf	6744	-6.946676108	-6.29444150943	-0.652234598571
QT	7.25,inf	7169	-6.88556315383	-6.27801859499	-0.607544558845
QV	7.25,inf	22711	-5.73247994009	-5.3144562205	-0.418023719584
QW	7.25,inf	5955	-7.07109812589	-6.91682364973	-0.154274476167
QY	7.25,inf	10519	-6.50214618294	-6.12852203048	-0.373624152459
RR	7.25,inf	2217	-8.05917439807	-7.04225056914	-1.01692382893
RS	7.25,inf	7964	-6.7803979425	-5.96642978192	-0.813968160577
RT	7.25,inf	7962	-6.78064910412	-5.95000686748	-0.830642236646
RV	7.25,inf	27736	-5.53259812032	-4.98644449299	-0.546153627324
RW	7.25,inf	6573	-6.97235897942	-6.58881192222	-0.383547057201
RY	7.25,inf	12907	-6.29755952885	-5.80051030298	-0.497049225872
SS	7.25,inf	11221	-6.43754230602	-6.27693002891	-0.16061227711
ST	7.25,inf	19721	-5.87364527087	-5.56734911836	-0.306296152516
SV	7.25,inf	58286	-4.7899674014	-4.60378674387	-0.186180657529
SW	7.25,inf	12086	-6.36328157076	-6.2061541731	-0.157127397663
SY	7.25,inf	22989	-5.72031348804	-5.41785255386	-0.302460934188
TT	7.25,inf	10354	-6.51795641022	-6.24408402384	-0.273872386376
TV	7.25,inf	68562	-4.62759088331	-4.58736382943	-0.0402270538788
TW	7.25,inf	12843	-6.30253041287	-6.18973125865	-0.112799154217
TY	7.25,inf	24165	-5.6704240234	-5.40142963941	-0.268994383993
VV	7.25,inf	142903	-3.89316325028	-4.31695269475	0.423789444464
VW	7.25,inf	41812	-5.12214594903	-5.22616888417	0.104022935141
VY	7.25,inf	82956	-4.43701898195	-4.43786726493	0.000848282979024
WW	7.25,inf	5959	-7.07042664694	-7.52170364732	0.451277000386
WY	7.25,inf	19896	-5.8648106222	-6.04023469415	0.175424071953
YY	7.25,inf	17838	-5.97399831546	-5.94508941747	-0.0289088979887
