CLIQUE	DEPTH	OBS	LOG_OBS	LOG_EXP	LOG_ODD
AA	-inf,5.25	196275	-4.96970693804	-5.23886668821	0.269159750171
AC	-inf,5.25	41749	-6.51754817621	-6.44535025119	-0.0721979250245
AD	-inf,5.25	275923	-4.62910183384	-4.60904925165	-0.0200525821864
AE	-inf,5.25	306268	-4.52476313948	-4.39459540796	-0.130167731523
AF	-inf,5.25	105568	-5.58986838008	-5.42571445101	-0.164153929072
AG	-inf,5.25	314654	-4.4977500527	-4.53487639527	0.0371263425725
AH	-inf,5.25	98860	-5.65551896725	-5.55859880509	-0.0969201621598
AI	-inf,5.25	161974	-5.1617878466	-5.07459008046	-0.087197766141
AK	-inf,5.25	245687	-4.74516530705	-4.56821692746	-0.176948379596
AL	-inf,5.25	308030	-4.5190264943	-4.56422043253	0.0451939382284
AM	-inf,5.25	79500	-5.87346665347	-5.87489157733	0.00142492386144
AN	-inf,5.25	183078	-5.03931138359	-4.95449809034	-0.0848132932465
AP	-inf,5.25	208164	-4.91089744456	-4.95095935553	0.0400619109762
AQ	-inf,5.25	179805	-5.0573507448	-5.0341438879	-0.0232068568991
AR	-inf,5.25	242802	-4.75697737874	-4.71996915202	-0.0370082267232
AS	-inf,5.25	288794	-4.58351004395	-4.64766822638	0.064158182434
AT	-inf,5.25	234466	-4.79191308709	-4.77245839962	-0.019454687475
AV	-inf,5.25	227938	-4.82015001298	-4.80086623636	-0.0192837766169
AW	-inf,5.25	42772	-6.49333999223	-6.36306400446	-0.130275987771
AY	-inf,5.25	110498	-5.54422625388	-5.34003258356	-0.20419367032
CC	-inf,5.25	12851	-7.6958020458	-9.03815008641	1.34234804061
CD	-inf,5.25	42764	-6.49352704797	-6.5086828469	0.0151557989252
CE	-inf,5.25	43445	-6.47772790483	-6.29422900321	-0.183498901627
CF	-inf,5.25	14943	-7.54498071237	-7.32534804625	-0.219632666112
CG	-inf,5.25	52356	-6.2911571312	-6.43450999052	0.143352859319
CH	-inf,5.25	18208	-7.34736261718	-7.45823240033	0.110869783152
CI	-inf,5.25	22340	-7.14284488148	-6.97422367571	-0.168621205778
CK	-inf,5.25	39745	-6.5667396281	-6.4678505227	-0.098889105399
CL	-inf,5.25	37342	-6.62910497658	-6.46385402777	-0.16525094881
CM	-inf,5.25	11142	-7.83850192353	-7.77452517257	-0.0639767509537
CN	-inf,5.25	32773	-6.75961866946	-6.85413168559	0.0945130161277
CP	-inf,5.25	37284	-6.63065939493	-6.85059295078	0.219933555854
CQ	-inf,5.25	26891	-6.95743201699	-6.93377748315	-0.0236545338445
CR	-inf,5.25	34566	-6.70635313515	-6.61960274727	-0.0867503878821
CS	-inf,5.25	49543	-6.34638269577	-6.54730182163	0.200919125854
CT	-inf,5.25	35320	-6.68477429939	-6.67209199486	-0.0126823045281
CV	-inf,5.25	29825	-6.85387670714	-6.70049983161	-0.153376875537
CW	-inf,5.25	6629	-8.35776971187	-8.26269759971	-0.0950721121598
CY	-inf,5.25	17961	-7.36102093451	-7.23966617881	-0.121354755708
DD	-inf,5.25	127255	-5.40303072774	-5.36553206609	-0.0374986616497
DE	-inf,5.25	296427	-4.55742269274	-4.45792800367	-0.0994946890615
DF	-inf,5.25	116073	-5.49500437161	-5.48904704672	-0.00595732488714
DG	-inf,5.25	261535	-4.68265555736	-4.59820899098	-0.0844465663837
DH	-inf,5.25	105515	-5.59037055222	-5.6219314008	0.0315608485783
DI	-inf,5.25	176963	-5.07328300395	-5.13792267617	0.0646396722209
DK	-inf,5.25	313409	-4.50171462832	-4.63154952317	0.129834894846
DL	-inf,5.25	285856	-4.59373548761	-4.62755302824	0.0338175406328
DM	-inf,5.25	78116	-5.89102877371	-5.93822417304	0.0471953993343
DN	-inf,5.25	193475	-4.98407536997	-5.01783068605	0.033755316083
DP	-inf,5.25	196306	-4.96954900885	-5.01429195125	0.0447429423978
DQ	-inf,5.25	173045	-5.09567199885	-5.09747648361	0.00180448476689
DR	-inf,5.25	266316	-4.6645401015	-4.78330174773	0.118761646234
DS	-inf,5.25	259850	-4.68911913367	-4.71100082209	0.0218816884215
DT	-inf,5.25	230098	-4.81071837	-4.83579099533	0.0250726253327
DV	-inf,5.25	223302	-4.84069855976	-4.86419883207	0.0235002723121
DW	-inf,5.25	48378	-6.37017851019	-6.42639660017	0.0562180899779
DY	-inf,5.25	138632	-5.31740073479	-5.40336517927	0.0859644444842
EE	-inf,5.25	205026	-4.92608687476	-4.93662379228	0.0105369175208
EF	-inf,5.25	140318	-5.30531239974	-5.27459320303	-0.0307191967111
EG	-inf,5.25	280596	-4.61230776273	-4.38375514729	-0.228552615438
EH	-inf,5.25	124901	-5.42170225162	-5.40747755711	-0.0142246945135
EI	-inf,5.25	216226	-4.87289951813	-4.92346883248	0.0505693143488
EK	-inf,5.25	405061	-4.24518600208	-4.41709567948	0.171909677399
EL	-inf,5.25	360509	-4.36170675339	-4.41309918455	0.0513924311606
EM	-inf,5.25	96260	-5.68217081125	-5.72377032935	0.0415995180966
EN	-inf,5.25	220028	-4.85546886414	-4.80337684236	-0.0520920217845
EP	-inf,5.25	220502	-4.85331690999	-4.79983810756	-0.0534788024301
EQ	-inf,5.25	210230	-4.90102150565	-4.88302263992	-0.0179988657287
ER	-inf,5.25	353095	-4.38248653259	-4.56884790404	0.186361371453
ES	-inf,5.25	281745	-4.60822126859	-4.4965469784	-0.111674290192
ET	-inf,5.25	257167	-4.69949799582	-4.62133715164	-0.0781608441793
EV	-inf,5.25	259936	-4.68878822826	-4.64974498838	-0.0390432398781
EW	-inf,5.25	57311	-6.20073109775	-6.21194275648	0.0112116587281
EY	-inf,5.25	163850	-5.15027229998	-5.18891133558	0.038639035599
FF	-inf,5.25	25484	-7.01117287087	-6.99886630183	-0.0123065690458
FG	-inf,5.25	110024	-5.54852515131	-5.41487419034	-0.133650960978
FH	-inf,5.25	45876	-6.42328157062	-6.43859660015	0.0153150295306
FI	-inf,5.25	68587	-6.02112066273	-5.95458787553	-0.0665327871982
FK	-inf,5.25	120596	-5.45677755888	-5.44821472252	-0.00856283635644
FL	-inf,5.25	111177	-5.53810014924	-5.44421822759	-0.0938819216413
FM	-inf,5.25	34808	-6.69937642971	-6.75488937239	0.0555129426865
FN	-inf,5.25	83985	-5.81858546366	-5.83449588541	0.0159104217498
FP	-inf,5.25	85856	-5.79655220088	-5.8309571506	0.0344049497191
FQ	-inf,5.25	74985	-5.93193558159	-5.91414168297	-0.0177938986256
FR	-inf,5.25	100599	-5.63808135787	-5.59996694709	-0.0381144107815
FS	-inf,5.25	108868	-5.55908753594	-5.52766602145	-0.0314215144879
FT	-inf,5.25	95036	-5.69496790794	-5.65245619468	-0.0425117132568
FV	-inf,5.25	86742	-5.78628547957	-5.68086403143	-0.105421448146
FW	-inf,5.25	17680	-7.37678961792	-7.24306179953	-0.133727818389
FY	-inf,5.25	54243	-6.25574972329	-6.22003037863	-0.0357193446622
GG	-inf,5.25	148879	-5.24608977963	-5.21718613612	-0.0289036435111
GH	-inf,5.25	98268	-5.66152523505	-5.54775854442	-0.113766690635
GI	-inf,5.25	165357	-5.14111690215	-5.06374981979	-0.077367082364
GK	-inf,5.25	249756	-4.72873923386	-4.55737666678	-0.171362567079
GL	-inf,5.25	276905	-4.62554918805	-4.55338017185	-0.0721690161971
GM	-inf,5.25	75042	-5.93117571833	-5.86405131665	-0.0671244016762
GN	-inf,5.25	184448	-5.03185609419	-4.94365782967	-0.0881982645213
GP	-inf,5.25	205486	-4.92384577003	-4.94011909486	0.0162733248316
GQ	-inf,5.25	159339	-5.17818966708	-5.02330362723	-0.154886039854
GR	-inf,5.25	224307	-4.83620802588	-4.70912889135	-0.127079134537
GS	-inf,5.25	288165	-4.58569044238	-4.63682796571	0.0511375233308
GT	-inf,5.25	240526	-4.76639548332	-4.76161813894	-0.00477734437186
GV	-inf,5.25	234373	-4.79230981177	-4.79002597569	-0.00228383608437
GW	-inf,5.25	44827	-6.44641303867	-6.35222374379	-0.0941892948832
GY	-inf,5.25	127226	-5.40325864259	-5.32919232289	-0.0740663197041
HH	-inf,5.25	32464	-6.76909189204	-7.26463598708	0.495544095034
HI	-inf,5.25	60821	-6.14128855105	-6.08747222961	-0.0538163214452
HK	-inf,5.25	98349	-5.66070129811	-5.5810990766	-0.0796022215088
HL	-inf,5.25	105785	-5.58781494269	-5.57710258167	-0.0107123610173
HM	-inf,5.25	31243	-6.80742832404	-6.88777372647	0.0803454024384
HN	-inf,5.25	70625	-5.99183948566	-5.96738023949	-0.0244592461729
HP	-inf,5.25	79994	-5.86727204326	-5.96384150468	0.0965694614167
HQ	-inf,5.25	67963	-6.03026023568	-6.04702603705	0.0167658013637
HR	-inf,5.25	92721	-5.71962869099	-5.73285130117	0.0132226101726
HS	-inf,5.25	94055	-5.70534395758	-5.66055037553	-0.044793582054
HT	-inf,5.25	85461	-5.8011635436	-5.78534054876	-0.0158229948356
HV	-inf,5.25	77669	-5.89676746776	-5.81374838551	-0.0830190822558
HW	-inf,5.25	18005	-7.35857417803	-7.37594615361	0.0173719755818
HY	-inf,5.25	52136	-6.2953679861	-6.35291473271	0.0575467466103
II	-inf,5.25	57643	-6.19495485816	-6.29661552496	0.101660666796
IK	-inf,5.25	191491	-4.994382865	-5.09709035197	0.102707486976
IL	-inf,5.25	172272	-5.10014905205	-5.09309385705	-0.00705519500629
IM	-inf,5.25	50465	-6.32794364844	-6.40376500185	0.0758213534115
IN	-inf,5.25	133957	-5.3517048222	-5.48337151486	0.131666692664
IP	-inf,5.25	122926	-5.43764112682	-5.47983278005	0.042191653235
IQ	-inf,5.25	107505	-5.57168631701	-5.56301731242	-0.0086690045927
IR	-inf,5.25	138416	-5.31896003169	-5.24884257654	-0.0701174551493
IS	-inf,5.25	168005	-5.12522993426	-5.1765416509	0.0513117166392
IT	-inf,5.25	145786	-5.26708388211	-5.30133182414	0.0342479420255
IV	-inf,5.25	131047	-5.37366763764	-5.32973966088	-0.0439279767662
IW	-inf,5.25	21797	-7.16745132948	-6.89193742898	-0.2755139005
IY	-inf,5.25	75217	-5.92884640589	-5.86890600808	-0.0599403978098
KK	-inf,5.25	159422	-5.17766890073	-5.28386729613	0.106198395406
KL	-inf,5.25	289572	-4.58081970437	-4.58672070404	0.0059009996698
KM	-inf,5.25	78267	-5.88909761691	-5.89739184884	0.00829423193633
KN	-inf,5.25	212854	-4.88861719045	-4.97699836185	0.088381171403
KP	-inf,5.25	179664	-5.0581352353	-4.97345962705	-0.0846756082463
KQ	-inf,5.25	171608	-5.10401086911	-5.05664415941	-0.0473667096978
KR	-inf,5.25	205963	-4.92152713412	-4.74246942353	-0.179057710585
KS	-inf,5.25	251035	-4.72363130348	-4.67016849789	-0.0534628055892
KT	-inf,5.25	225608	-4.83042469514	-4.79495867113	-0.0354660240077
KV	-inf,5.25	217193	-4.86843731595	-4.82336650787	-0.0450708080731
KW	-inf,5.25	46132	-6.41771682276	-6.38556427597	-0.0321525467873
KY	-inf,5.25	148679	-5.24743405557	-5.36253285507	0.115098799501
LL	-inf,5.25	156018	-5.19925228992	-5.27587429464	0.0766220047265
LM	-inf,5.25	82817	-5.8325903208	-5.89339535391	0.060805033114
LN	-inf,5.25	199298	-4.95442248308	-4.97300186693	0.0185793838454
LP	-inf,5.25	216140	-4.87329732925	-4.96946313212	0.0961658028699
LQ	-inf,5.25	198735	-4.95725139614	-5.05264766449	0.095396268348
LR	-inf,5.25	252880	-4.71630860722	-4.73847292861	0.0221643213865
LS	-inf,5.25	282342	-4.60610457304	-4.66617200297	0.0600674299295
LT	-inf,5.25	232632	-4.79976586927	-4.7909621762	-0.00880369306593
LV	-inf,5.25	219682	-4.857042629	-4.81937001294	-0.0376726160514
LW	-inf,5.25	40975	-6.5362615505	-6.38156778105	-0.15469376945
LY	-inf,5.25	120901	-5.45425164624	-5.35853636015	-0.0957152860952
MM	-inf,5.25	13556	-7.64239442138	-7.89722445287	0.254830031491
MN	-inf,5.25	57014	-6.20592682341	-6.28367301173	0.0777461883117
MP	-inf,5.25	56161	-6.2210011093	-6.28013427692	0.0591331676221
MQ	-inf,5.25	53115	-6.27676430089	-6.36331880929	0.0865545083921
MR	-inf,5.25	67100	-6.04303963115	-6.04914407341	0.00610444225712
MS	-inf,5.25	75338	-5.92723901954	-5.97684314777	0.0496041282291
MT	-inf,5.25	64390	-6.08426533358	-6.101633321	0.0173679874261
MV	-inf,5.25	60579	-6.14527537676	-6.13004115775	-0.015234219016
MW	-inf,5.25	12053	-7.75991008352	-7.69223892585	-0.067671157673
MY	-inf,5.25	36662	-6.64748287883	-6.66920750495	0.0217246261172
NN	-inf,5.25	85281	-5.8032719887	-6.05643099708	0.253159008382
NP	-inf,5.25	137995	-5.32200622251	-5.35974078993	0.0377345674248
NQ	-inf,5.25	128660	-5.39205040914	-5.4429253223	0.0508749131557
NR	-inf,5.25	153099	-5.21813890416	-5.12875058642	-0.0893883177441
NS	-inf,5.25	196042	-4.97089475314	-5.05644966078	0.0855549076425
NT	-inf,5.25	173970	-5.09034080457	-5.18123983401	0.0908990294452
NV	-inf,5.25	154815	-5.20699281944	-5.20964767076	0.00265485131796
NW	-inf,5.25	33680	-6.73231948575	-6.77184543886	0.0395259531076
NY	-inf,5.25	104027	-5.60457319429	-5.74881401796	0.144240823665
PP	-inf,5.25	83071	-5.82952801131	-6.04935351231	0.219825501002
PQ	-inf,5.25	127718	-5.39939896666	-5.43938658749	0.0399876208372
PR	-inf,5.25	167117	-5.13052950921	-5.12521185161	-0.00531765759841
PS	-inf,5.25	194153	-4.9805771671	-5.05291092597	0.072333758877
PT	-inf,5.25	172206	-5.10053224053	-5.17770109921	0.0771688586759
PV	-inf,5.25	166979	-5.13135561912	-5.20610893595	0.0747533168337
PW	-inf,5.25	36629	-6.64838339874	-6.76830670405	0.119923305319
PY	-inf,5.25	99582	-5.64824224976	-5.74527528315	0.0970330333944
QQ	-inf,5.25	68450	-6.02312012339	-6.215722948	0.192602824612
QR	-inf,5.25	159797	-5.17531941544	-5.20839638398	0.0330769685412
QS	-inf,5.25	168375	-5.1230300404	-5.13609545834	0.013065417944
QT	-inf,5.25	148225	-5.25049228553	-5.26088563157	0.010393346042
QV	-inf,5.25	136831	-5.33047708742	-5.28929346832	-0.0411836191043
QW	-inf,5.25	32668	-6.76282766963	-6.85149123642	0.0886635667894
QY	-inf,5.25	85505	-5.80064882136	-5.82845981552	0.0278109941577
RR	-inf,5.25	116959	-5.48740022909	-5.58737222321	0.0999719941188
RS	-inf,5.25	211201	-4.89641338846	-4.82192072246	-0.0744926659978
RT	-inf,5.25	189592	-5.00434928029	-4.94671089569	-0.0576383845942
RV	-inf,5.25	185319	-5.02714501066	-4.97511873244	-0.0520262782266
RW	-inf,5.25	42606	-6.4972285867	-6.53731650054	0.0400879138407
RY	-inf,5.25	113427	-5.51806421693	-5.51428507964	-0.00377913729644
SS	-inf,5.25	154935	-5.206218001	-5.44277013517	0.236552134168
ST	-inf,5.25	233384	-4.79653850947	-4.87440997006	0.0778714605897
SV	-inf,5.25	217179	-4.86850177682	-4.9028178068	0.0343160299751
SW	-inf,5.25	40349	-6.55165706386	-6.4650155749	-0.0866414889645
SY	-inf,5.25	125601	-5.41611345934	-5.441984154	0.0258706946592
TT	-inf,5.25	117414	-5.48351752442	-5.69235090134	0.208833376926
TV	-inf,5.25	198189	-4.96000255427	-5.02760798003	0.067605425768
TW	-inf,5.25	36263	-6.65842573742	-6.58980574814	-0.0686199892895
TY	-inf,5.25	106926	-5.57708666871	-5.56677432723	-0.0103123414725
VV	-inf,5.25	92959	-5.7170651394	-5.74916667791	0.032101538519
VW	-inf,5.25	31620	-6.79543384334	-6.61821358488	-0.177220258466
VY	-inf,5.25	93672	-5.70942435658	-5.59518216398	-0.114242192602
WW	-inf,5.25	4834	-8.67354939284	-8.87357608741	0.200026694564
WY	-inf,5.25	21847	-7.16516006278	-7.15737993208	-0.00778013070277
YY	-inf,5.25	33745	-6.73039141693	-6.82750200238	0.0971105854492
AA	4.25,6.25	249386	-4.91483978085	-5.13163782577	0.216798044926
AC	4.25,6.25	81819	-6.02933218732	-6.16529375458	0.135961567259
AD	4.25,6.25	281554	-4.79351741913	-4.65628494564	-0.137232473485
AE	4.25,6.25	317670	-4.67282856968	-4.45992640892	-0.21290216076
AF	4.25,6.25	194519	-5.16331183313	-5.17438385039	0.0110720172578
AG	4.25,6.25	323438	-4.65483423601	-4.53819160854	-0.116642627471
AH	4.25,6.25	124157	-5.61229478402	-5.56509085023	-0.0472039337938
AI	4.25,6.25	305285	-4.71259591126	-4.8050805774	0.0924846661348
AK	4.25,6.25	257528	-4.88271322574	-4.63963859009	-0.24307463565
AL	4.25,6.25	547028	-4.12934168838	-4.31303324335	0.183691554973
AM	4.25,6.25	122266	-5.62764267866	-5.74039398696	0.112751308307
AN	4.25,6.25	202209	-5.12453986181	-4.99319858488	-0.131341276931
AP	4.25,6.25	202940	-5.12093130894	-4.99448399111	-0.126447317834
AQ	4.25,6.25	191191	-5.18056874941	-5.08154130604	-0.0990274433779
AR	4.25,6.25	261314	-4.86811892844	-4.77457209557	-0.0935468328672
AS	4.25,6.25	328384	-4.63965802247	-4.65471986506	0.0150618425846
AT	4.25,6.25	288853	-4.76792376961	-4.75909379464	-0.00882997496667
AV	4.25,6.25	393555	-4.45862084842	-4.56756157762	0.108940729197
AW	4.25,6.25	73655	-6.13444964853	-6.19740914827	0.0629594997396
AY	4.25,6.25	182920	-5.224792779	-5.22571582335	0.000923044349097
CC	4.25,6.25	28229	-7.09349185946	-8.58525990578	1.49176804632
CD	4.25,6.25	67459	-6.22232167187	-6.38309044999	0.160768778124
CE	4.25,6.25	69388	-6.19412773589	-6.18673191328	-0.00739582261886
CF	4.25,6.25	37323	-6.81423191919	-6.90118935474	0.0869574355484
CG	4.25,6.25	80367	-6.04723803363	-6.26499711289	0.217759079262
CH	4.25,6.25	32796	-6.94353512106	-7.29189635458	0.348361233521
CI	4.25,6.25	53687	-6.45067079125	-6.53188608175	0.0812152905015
CK	4.25,6.25	63926	-6.27611551341	-6.36644409444	0.0903285810338
CL	4.25,6.25	86626	-5.97224167634	-6.03983874771	0.0675970713689
CM	4.25,6.25	24130	-7.25038579816	-7.46719949132	0.216813693161
CN	4.25,6.25	53241	-6.45901290157	-6.72000408923	0.260991187661
CP	4.25,6.25	57115	-6.38877489861	-6.72128949546	0.332514596854
CQ	4.25,6.25	45370	-6.61899058412	-6.80834681039	0.189356226271
CR	4.25,6.25	58315	-6.36798232765	-6.50137759993	0.133395272275
CS	4.25,6.25	83703	-6.00656685865	-6.38152536941	0.374958510765
CT	4.25,6.25	65094	-6.25800929873	-6.48589929899	0.227890000268
CV	4.25,6.25	68223	-6.2110599264	-6.29436708197	0.0833071555734
CW	4.25,6.25	15424	-7.69791693993	-7.92421465262	0.226297712694
CY	4.25,6.25	41680	-6.70382028035	-6.95252132771	0.248701047357
DD	4.25,6.25	91988	-5.91218354403	-5.56723179939	-0.344951744645
DE	4.25,6.25	200166	-5.13469465551	-4.67772310434	-0.456971551166
DF	4.25,6.25	172397	-5.28404172111	-5.39218054581	0.108138824698
DG	4.25,6.25	200337	-5.13384072927	-4.75598830395	-0.377852425312
DH	4.25,6.25	98620	-5.842567597	-5.78288754565	-0.0596800513529
DI	4.25,6.25	266884	-4.84702757073	-5.02287727281	0.175849702087
DK	4.25,6.25	217890	-5.04985132951	-4.8574352855	-0.192416044003
DL	4.25,6.25	417235	-4.40019206557	-4.53082993877	0.130637873203
DM	4.25,6.25	92790	-5.90350280243	-5.95819068238	0.0546878799526
DN	4.25,6.25	151869	-5.41082337065	-5.2109952803	-0.199828090354
DP	4.25,6.25	141327	-5.48276532355	-5.21228068653	-0.270484637029
DQ	4.25,6.25	129797	-5.56786998627	-5.29933800145	-0.268531984819
DR	4.25,6.25	211276	-5.08067634221	-4.99236879099	-0.0883075512172
DS	4.25,6.25	214699	-5.06460463058	-4.87251656048	-0.192088070106
DT	4.25,6.25	211266	-5.08072367478	-4.97689049006	-0.103833184723
DV	4.25,6.25	307706	-4.70469689614	-4.78535827303	0.0806613768903
DW	4.25,6.25	67528	-6.22129935111	-6.41520584368	0.193906492571
DY	4.25,6.25	179473	-5.24381689901	-5.44351251877	0.199695619763
EE	4.25,6.25	129757	-5.5681782073	-5.17451419507	-0.39366401223
EF	4.25,6.25	206234	-5.10483023135	-5.19582200909	0.0909917777419
EG	4.25,6.25	194883	-5.1614422993	-4.55962976724	-0.601812532067
EH	4.25,6.25	110916	-5.72506851972	-5.58652900893	-0.138539510796
EI	4.25,6.25	315020	-4.68120554892	-4.8265187361	0.145313187175
EK	4.25,6.25	265933	-4.85059728044	-4.66107674879	-0.189520531652
EL	4.25,6.25	511387	-4.19671503567	-4.33447140205	0.137756366379
EM	4.25,6.25	110415	-5.72959568362	-5.76183214566	0.0322364620484
EN	4.25,6.25	159520	-5.36167237158	-5.01463674358	-0.347035628
EP	4.25,6.25	147817	-5.4378666556	-5.01592214981	-0.421944505789
EQ	4.25,6.25	151915	-5.41052052389	-5.10297946474	-0.307541059155
ER	4.25,6.25	265071	-4.85384396316	-4.79601025427	-0.057833708893
ES	4.25,6.25	223978	-5.02229384505	-4.67615802376	-0.34613582129
ET	4.25,6.25	230110	-4.99528422233	-4.78053195334	-0.214752268992
EV	4.25,6.25	358774	-4.551149014	-4.58899973632	0.0378507223129
EW	4.25,6.25	79185	-6.06205479085	-6.21884730697	0.156792516115
EY	4.25,6.25	206003	-5.105950946	-5.24715398205	0.141203036048
FF	4.25,6.25	54210	-6.44097628452	-6.6034316303	0.16245534578
FG	4.25,6.25	158537	-5.36785367323	-5.2740872087	-0.0937664645321
FH	4.25,6.25	77201	-6.08742926748	-6.30098645039	0.213557182914
FI	4.25,6.25	149736	-5.42496793432	-5.54097617756	0.116008243244
FK	4.25,6.25	180391	-5.23871496055	-5.37553419025	0.136819229708
FL	4.25,6.25	239519	-4.95520893215	-5.04892884352	0.0937199113717
FM	4.25,6.25	64275	-6.27067092464	-6.47628958713	0.205618662488
FN	4.25,6.25	128985	-5.57414555926	-5.72909418505	0.154948625783
FP	4.25,6.25	123563	-5.61709053034	-5.73037959127	0.113289060937
FQ	4.25,6.25	117730	-5.6654478107	-5.8174369062	0.151989095497
FR	4.25,6.25	154318	-5.39482626936	-5.51046769574	0.115641426374
FS	4.25,6.25	173891	-5.27541301165	-5.39061546522	0.115202453569
FT	4.25,6.25	164286	-5.33223286636	-5.49498939481	0.162756528442
FV	4.25,6.25	184682	-5.21520625067	-5.30345717778	0.088250927111
FW	4.25,6.25	39348	-6.76139653014	-6.93330474843	0.171908218288
FY	4.25,6.25	108690	-5.74534188422	-5.96161142352	0.216269539299
GG	4.25,6.25	125373	-5.60254838378	-5.3310447935	-0.271503590287
GH	4.25,6.25	93312	-5.89789296085	-5.66479420854	-0.233098752307
GI	4.25,6.25	242601	-4.94242355928	-4.90478393571	-0.0376396235724
GK	4.25,6.25	174163	-5.27385003548	-4.7393419484	-0.534508087076
GL	4.25,6.25	393761	-4.45809755154	-4.41273660167	-0.0453609498691
GM	4.25,6.25	89025	-5.94492444863	-5.84009734528	-0.104827103353
GN	4.25,6.25	151662	-5.41218731722	-5.09290194319	-0.319285374022
GP	4.25,6.25	150781	-5.41801322485	-5.09418734942	-0.323825875432
GQ	4.25,6.25	124591	-5.60880530519	-5.18124466435	-0.42756064084
GR	4.25,6.25	175368	-5.26695505464	-4.87427545389	-0.392679600752
GS	4.25,6.25	242384	-4.94331843238	-4.75442322337	-0.188895209007
GT	4.25,6.25	221418	-5.03378936001	-4.85879715295	-0.174992207058
GV	4.25,6.25	314253	-4.68364328383	-4.66726493593	-0.0163783479004
GW	4.25,6.25	62650	-6.29627799645	-6.29711250658	0.000834510127041
GY	4.25,6.25	162351	-5.34408101973	-5.32541918167	-0.0186618380667
HH	4.25,6.25	28574	-7.08134446435	-7.38484801973	0.303503555376
HI	4.25,6.25	104373	-5.78587065648	-5.9316831774	0.145812520917
HK	4.25,6.25	88142	-5.95489252746	-5.76624119009	-0.188651337372
HL	4.25,6.25	171394	-5.28987667808	-5.43963584336	0.149759165282
HM	4.25,6.25	42256	-6.69009532224	-6.86699658697	0.17690126473
HN	4.25,6.25	68976	-6.20008305979	-6.11980118489	-0.0802818749038
HP	4.25,6.25	73991	-6.12989821361	-6.12108659111	-0.008811622495
HQ	4.25,6.25	64223	-6.2714802758	-6.20814390604	-0.0633363697641
HR	4.25,6.25	90771	-5.92550182646	-5.90117469558	-0.0243271308833
HS	4.25,6.25	98183	-5.84700859351	-5.78132246506	-0.0656861284463
HT	4.25,6.25	97303	-5.8560118566	-5.88569639464	0.0296845380441
HV	4.25,6.25	124937	-5.60603206754	-5.69416417762	0.0881321100788
HW	4.25,6.25	29676	-7.04350303947	-7.32401174827	0.280508708804
HY	4.25,6.25	77253	-6.08675592782	-6.35231842336	0.265562495539
II	4.25,6.25	126813	-5.59112811739	-5.86482354064	0.273695423256
IK	4.25,6.25	282239	-4.79108744807	-5.00623091726	0.215143469194
IL	4.25,6.25	375256	-4.50623321807	-4.67962557053	0.173392352459
IM	4.25,6.25	95167	-5.87820843475	-6.10698631414	0.228777879392
IN	4.25,6.25	203562	-5.11787105101	-5.35979091205	0.241919861045
IP	4.25,6.25	177701	-5.25373931519	-5.36107631828	0.107337003094
IQ	4.25,6.25	168612	-5.30624146038	-5.44813363321	0.141892172827
IR	4.25,6.25	216735	-5.05516626868	-5.14116442275	0.0859981540648
IS	4.25,6.25	271062	-4.83149410079	-5.02131219223	0.189818091438
IT	4.25,6.25	249057	-4.91615989186	-5.12568612181	0.209526229949
IV	4.25,6.25	288664	-4.76857829582	-4.93415390479	0.165575608972
IW	4.25,6.25	49201	-6.5379277293	-6.56400147544	0.0260737461397
IY	4.25,6.25	159211	-5.36361131129	-5.59230815053	0.228696839232
KK	4.25,6.25	103739	-5.7919635484	-5.53393903913	-0.258024509275
KL	4.25,6.25	416570	-4.40178716308	-4.51418358322	0.112396420137
KM	4.25,6.25	92043	-5.91158581863	-5.94154432683	0.0299585081946
KN	4.25,6.25	155958	-5.38425493756	-5.19434892474	-0.189906012818
KP	4.25,6.25	124571	-5.60896584331	-5.19563433097	-0.413331512341
KQ	4.25,6.25	126738	-5.59171971436	-5.2826916459	-0.309028068461
KR	4.25,6.25	155832	-5.38506317392	-4.97572243544	-0.409340738483
KS	4.25,6.25	201889	-5.12612363638	-4.85587020492	-0.270253431454
KT	4.25,6.25	203284	-5.11923766168	-4.9602441345	-0.158993527179
KV	4.25,6.25	301616	-4.72468699267	-4.76871191748	0.0440249248114
KW	4.25,6.25	64719	-6.26378685634	-6.39855948813	0.134772631793
KY	4.25,6.25	189737	-5.18820277506	-5.42686616322	0.238663388153
LL	4.25,6.25	330780	-4.63238817596	-4.88072752965	0.24833935369
LM	4.25,6.25	152281	-5.40811417945	-5.6149389801	0.206824800645
LN	4.25,6.25	292638	-4.75490532751	-4.86774357801	0.112838250502
LP	4.25,6.25	297595	-4.73810817605	-4.86902898424	0.130920808188
LQ	4.25,6.25	297402	-4.73875691884	-4.95608629917	0.217329380326
LR	4.25,6.25	379787	-4.49423110854	-4.6491170887	0.154885980161
LS	4.25,6.25	439879	-4.3473419887	-4.52926485819	0.181922869489
LT	4.25,6.25	389148	-4.46988194381	-4.63363878777	0.163756843963
LV	4.25,6.25	463410	-4.2952294864	-4.44210657075	0.146877084348
LW	4.25,6.25	87531	-5.96184866146	-6.0719541414	0.110105479937
LY	4.25,6.25	243113	-4.94031532197	-5.10026081648	0.159945494518
MM	4.25,6.25	21158	-7.38182359323	-7.73545570898	0.353632115752
MN	4.25,6.25	69886	-6.18697633474	-6.29510432162	0.108127986885
MP	4.25,6.25	66561	-6.23572285736	-6.29638972785	0.060666870494
MQ	4.25,6.25	64010	-6.27480235664	-6.38344704278	0.108644686137
MR	4.25,6.25	83169	-6.01296699555	-6.07647783231	0.0635108367617
MS	4.25,6.25	96160	-5.86782820701	-5.9566256018	0.0887973947926
MT	4.25,6.25	89856	-5.93563328883	-6.06099953138	0.12536624255
MV	4.25,6.25	112315	-5.71253425418	-5.86946731436	0.156933060181
MW	4.25,6.25	22141	-7.33641058442	-7.49931488501	0.162904300592
MY	4.25,6.25	62887	-6.29250221271	-6.52762156009	0.23511934738
NN	4.25,6.25	69378	-6.19427186342	-6.24106027082	0.0467884074036
NP	4.25,6.25	109156	-5.74106362608	-5.54919432577	-0.191869300318
NQ	4.25,6.25	104808	-5.78171157294	-5.63625164069	-0.145459932249
NR	4.25,6.25	129225	-5.57228660671	-5.32928243023	-0.243004176482
NS	4.25,6.25	173254	-5.27908295197	-5.20943019972	-0.0696527522512
NT	4.25,6.25	165304	-5.32605547483	-5.3138041293	-0.0122513455351
NV	4.25,6.25	218248	-5.04820964692	-5.12227191227	0.0740622653549
NW	4.25,6.25	48754	-6.54705443243	-6.75211948292	0.20506505049
NY	4.25,6.25	136452	-5.51786877336	-5.78042615801	0.262557384647
PP	4.25,6.25	60909	-6.32446073075	-6.24363108864	-0.0808296421034
PQ	4.25,6.25	96686	-5.86237306348	-5.63753704692	-0.224836016558
PR	4.25,6.25	132160	-5.54982836802	-5.33056783646	-0.219260531564
PS	4.25,6.25	160968	-5.35263609033	-5.21071560594	-0.141920484385
PT	4.25,6.25	154715	-5.39225696305	-5.31508953553	-0.0771674275287
PV	4.25,6.25	222499	-5.02891907058	-5.1235573185	0.0946382479219
PW	4.25,6.25	52396	-6.47501142526	-6.75340488915	0.278393463893
PY	4.25,6.25	130177	-5.56494661493	-5.78171156424	0.216764949308
QQ	4.25,6.25	52598	-6.47116358159	-6.41774609835	-0.0534174832349
QR	4.25,6.25	129995	-5.56634568962	-5.41762515139	-0.148720538231
QS	4.25,6.25	144840	-5.4582119929	-5.29777292087	-0.160439072025
QT	4.25,6.25	144881	-5.45792896198	-5.40214685045	-0.0557821115261
QV	4.25,6.25	197532	-5.14794108126	-5.21061463343	0.0626735521682
QW	4.25,6.25	47882	-6.56510202688	-6.84046220408	0.275360177197
QY	4.25,6.25	114901	-5.68977078976	-5.86876887917	0.178998089408
RR	4.25,6.25	93458	-5.89632954028	-5.80380647317	-0.0925230671144
RS	4.25,6.25	188765	-5.19333882262	-4.99080371041	-0.202535112216
RT	4.25,6.25	189766	-5.1880499436	-5.09517763999	-0.0928723036082
RV	4.25,6.25	271069	-4.83146827678	-4.90364542297	0.0721771461894
RW	4.25,6.25	64926	-6.26059351798	-6.53349299362	0.272899475639
RY	4.25,6.25	153721	-5.39870240678	-5.5617996687	0.163097261918
SS	4.25,6.25	141308	-5.48289977258	-5.56410163357	0.08120186099
ST	4.25,6.25	235497	-4.97214350327	-4.97532540948	0.00318190620321
SV	4.25,6.25	323882	-4.65346242587	-4.78379319245	0.130330766583
SW	4.25,6.25	63305	-6.28587736282	-6.4136407631	0.12776340028
SY	4.25,6.25	173765	-5.27613786614	-5.44194743819	0.165809572048
TT	4.25,6.25	125841	-5.59882247248	-5.77284981982	0.174027347345
TV	4.25,6.25	314411	-4.68314063057	-4.88816712203	0.20502649146
TW	4.25,6.25	61241	-6.31902477794	-6.51801469268	0.198989914742
TY	4.25,6.25	164380	-5.33166085707	-5.54632136777	0.214660510696
VV	4.25,6.25	192178	-5.17541965191	-5.38978481053	0.214365158616
VW	4.25,6.25	65761	-6.24781472035	-6.32648247566	0.0786677553105
VY	4.25,6.25	188602	-5.1942027032	-5.35478915075	0.160586447549
WW	4.25,6.25	9186	-8.21616109189	-8.64949113266	0.433330040767
WY	4.25,6.25	42754	-6.67837891954	-6.9846367214	0.306257801859
YY	4.25,6.25	62424	-6.29989186098	-6.70609583955	0.40620397857
AA	5.25,7.25	213176	-4.80014133349	-5.12077496548	0.320633631982
AC	5.25,7.25	89294	-5.67032515272	-6.07493945267	0.404614299952
AD	5.25,7.25	170941	-5.02094098137	-4.71088963385	-0.310051347512
AE	5.25,7.25	193980	-4.89450438813	-4.53230232713	-0.362202061002
AF	5.25,7.25	220124	-4.76806842516	-5.04471503028	0.276646605118
AG	5.25,7.25	232669	-4.7126426064	-4.58900274834	-0.123639858053
AH	5.25,7.25	91491	-5.6460188423	-5.57952857016	-0.0664902721438
AI	5.25,7.25	347856	-4.31047084806	-4.68979706642	0.379326218365
AK	5.25,7.25	155528	-5.11543366937	-4.70752950836	-0.40790416101
AL	5.25,7.25	587811	-3.78585398143	-4.21922881958	0.43337483815
AM	5.25,7.25	120008	-5.37470104187	-5.69574314207	0.321042100201
AN	5.25,7.25	130323	-5.29224346481	-5.04057341203	-0.251670052777
AP	5.25,7.25	124422	-5.33858043555	-5.04714726424	-0.291433171305
AQ	5.25,7.25	117357	-5.39703887796	-5.12938861375	-0.26765026421
AR	5.25,7.25	159795	-5.08836770536	-4.82513227687	-0.263235428489
AS	5.25,7.25	232531	-4.71323589962	-4.6827659114	-0.0304699882232
AT	5.25,7.25	211063	-4.81010278198	-4.76639073168	-0.0437120503049
AV	5.25,7.25	412824	-4.13923809708	-4.47531212053	0.33607402345
AW	5.25,7.25	74485	-5.85166168626	-6.10987857831	0.258216892045
AY	5.25,7.25	177487	-4.9833620823	-5.17207070964	0.188708627345
CC	5.25,7.25	30818	-6.73416051423	-8.41541347251	1.68125295828
CD	5.25,7.25	51915	-6.21265168334	-6.35820375138	0.14555206804
CE	5.25,7.25	53354	-6.18531049759	-6.17961644465	-0.00569405293678
CF	5.25,7.25	53573	-6.18121423927	-6.6920291478	0.510814908527
CG	5.25,7.25	68601	-5.93395233721	-6.23631686587	0.302364528658
CH	5.25,7.25	31256	-6.72004809134	-7.22684268768	0.506794596344
CI	5.25,7.25	76802	-5.82102876761	-6.33711118395	0.516082416334
CK	5.25,7.25	48708	-6.27641616145	-6.35484362589	0.0784274644396
CL	5.25,7.25	120185	-5.37322722679	-5.86654293711	0.493315710316
CM	5.25,7.25	29917	-6.76383256839	-7.34305725959	0.579224691197
CN	5.25,7.25	42784	-6.40609524817	-6.68788752955	0.281792281379
CP	5.25,7.25	43752	-6.38372212305	-6.69446138177	0.310739258719
CQ	5.25,7.25	37035	-6.55039603763	-6.77670273127	0.226306693643
CR	5.25,7.25	46752	-6.31740241352	-6.4724463944	0.155043980871
CS	5.25,7.25	73131	-5.87000709562	-6.33008002892	0.460072933295
CT	5.25,7.25	60075	-6.06666566747	-6.4137048492	0.347039181731
CV	5.25,7.25	89093	-5.67257868111	-6.12262623805	0.450047556939
CW	5.25,7.25	19185	-7.20813072539	-7.75719269583	0.549061970435
CY	5.25,7.25	51133	-6.22782936775	-6.81938482716	0.59155545941
DD	5.25,7.25	31965	-6.69761789487	-5.68730436509	-1.01031352979
DE	5.25,7.25	57027	-6.1187346092	-4.81556662583	-1.30316798337
DF	5.25,7.25	144527	-5.18879310778	-5.32797932899	0.139186221202
DG	5.25,7.25	97180	-5.58569452012	-4.87226704705	-0.713427473065
DH	5.25,7.25	44505	-6.36665790668	-5.86279286887	-0.503865037813
DI	5.25,7.25	217997	-4.77777814787	-4.97306136513	0.195283217264
DK	5.25,7.25	54533	-6.16345342608	-4.99079380707	-1.17265961901
DL	5.25,7.25	329363	-4.3650989631	-4.50249311829	0.137394155194
DM	5.25,7.25	63872	-6.0053783684	-5.97900744077	-0.026370927629
DN	5.25,7.25	54026	-6.17279403692	-5.32383771074	-0.848956326185
DP	5.25,7.25	52771	-6.19629765169	-5.33041156295	-0.865886088742
DQ	5.25,7.25	42004	-6.42449459725	-5.41265291245	-1.01184168479
DR	5.25,7.25	67538	-5.94956904666	-5.10839657558	-0.841172471075
DS	5.25,7.25	92887	-5.63087574848	-4.9660302101	-0.664845538375
DT	5.25,7.25	94664	-5.61192566901	-5.04965503039	-0.562270638625
DV	5.25,7.25	232970	-4.71134975918	-4.75857641924	0.0472266600564
DW	5.25,7.25	46955	-6.31306975284	-6.39314287701	0.0800731241774
DY	5.25,7.25	111382	-5.44929371455	-5.45533500835	0.006041293801
EE	5.25,7.25	32708	-6.67463975279	-5.33012921977	-1.34451053302
EF	5.25,7.25	169216	-5.03108344374	-5.14939202226	0.118308578514
EG	5.25,7.25	88672	-5.67731528041	-4.69367974032	-0.98363554009
EH	5.25,7.25	47082	-6.31036868672	-5.68420556214	-0.626163124579
EI	5.25,7.25	245105	-4.66057275893	-4.7944740584	0.133901299472
EK	5.25,7.25	57540	-6.10977909097	-4.81220650034	-1.29757259063
EL	5.25,7.25	388165	-4.20082894213	-4.32390581156	0.12307686943
EM	5.25,7.25	73341	-5.86713965142	-5.80042013405	-0.0667195173716
EN	5.25,7.25	49660	-6.25705966901	-5.14525040401	-1.111809265
EP	5.25,7.25	49157	-6.26724019148	-5.15182425622	-1.11541593526
EQ	5.25,7.25	42781	-6.4061653703	-5.23406560573	-1.17209976458
ER	5.25,7.25	73306	-5.86761698816	-4.92980926885	-0.937807719309
ES	5.25,7.25	89489	-5.66814373639	-4.78744290338	-0.880700833017
ET	5.25,7.25	95979	-5.59813003155	-4.87106772366	-0.727062307896
EV	5.25,7.25	267579	-4.57284459925	-4.57998911251	0.00714451325563
EW	5.25,7.25	53204	-6.1881258676	-6.21455557029	0.0264297026839
EY	5.25,7.25	120311	-5.37217939222	-5.27674770162	-0.0954316906005
FF	5.25,7.25	79449	-5.78714414272	-6.35495644669	0.567812303966
FG	5.25,7.25	144304	-5.19033726367	-5.20609244347	0.0157551798053
FH	5.25,7.25	76601	-5.8236493176	-6.19661826529	0.372968947692
FI	5.25,7.25	218693	-4.77459052924	-5.30688676155	0.532296232316
FK	5.25,7.25	150388	-5.14904082799	-5.3246192035	0.175578375502
FL	5.25,7.25	342939	-4.32470686031	-4.83631851472	0.511611654408
FM	5.25,7.25	78622	-5.7976078906	-6.3128328372	0.515224946596
FN	5.25,7.25	113691	-5.42877520714	-5.65766310716	0.228887900019
FP	5.25,7.25	105904	-5.49972642572	-5.66423695938	0.16451053366
FQ	5.25,7.25	103746	-5.52031384494	-5.74647830888	0.226164463937
FR	5.25,7.25	132928	-5.27245182084	-5.442221972	0.169770151165
FS	5.25,7.25	164322	-5.06043153161	-5.29985560653	0.239424074915
FT	5.25,7.25	166881	-5.04497846553	-5.38348042681	0.338501961282
FV	5.25,7.25	257124	-4.61270099029	-5.09240181566	0.479700825376
FW	5.25,7.25	53770	-6.17754375827	-6.72696827344	0.549424515167
FY	5.25,7.25	139093	-5.22711667494	-5.78916040477	0.562043729835
GG	5.25,7.25	72338	-5.88090987017	-5.44353022089	-0.437379649278
GH	5.25,7.25	54046	-6.1724239133	-5.74090598336	-0.431517929939
GI	5.25,7.25	222267	-4.75838008719	-4.85117447962	0.0927943924338
GK	5.25,7.25	75108	-5.84333237136	-4.86890692156	-0.974425449801
GL	5.25,7.25	343734	-4.32239134665	-4.38060623278	0.0582148861315
GM	5.25,7.25	73189	-5.86921431264	-5.85712055526	-0.0120937573779
GN	5.25,7.25	76907	-5.81966254942	-5.20195082523	-0.61771172419
GP	5.25,7.25	75032	-5.84434475989	-5.20852467744	-0.635820082445
GQ	5.25,7.25	61408	-6.04471932927	-5.29076602694	-0.753953302324
GR	5.25,7.25	84760	-5.72243571569	-4.98650969007	-0.735926025624
GS	5.25,7.25	137850	-5.23609331162	-4.84414332459	-0.391949987029
GT	5.25,7.25	121855	-5.35942763581	-4.92776814488	-0.43165949093
GV	5.25,7.25	261057	-4.59752067481	-4.63668953373	0.0391688589177
GW	5.25,7.25	50029	-6.2496566118	-6.2712559915	0.021599379703
GY	5.25,7.25	117539	-5.39548925569	-5.33344812284	-0.0620411328492
HH	5.25,7.25	18239	-7.25869729051	-7.42458673734	0.165889446832
HI	5.25,7.25	102438	-5.53300171158	-5.84170030144	0.308698589862
HK	5.25,7.25	34992	-6.60713998516	-5.85943274338	-0.747707241779
HL	5.25,7.25	164617	-5.0586378855	-5.3711320546	0.312494169097
HM	5.25,7.25	35996	-6.57885162792	-6.84764637708	0.268794749161
HN	5.25,7.25	34001	-6.63586951314	-6.19247664704	-0.4433928661
HP	5.25,7.25	36590	-6.56248447006	-6.19905049926	-0.363433970803
HQ	5.25,7.25	29317	-6.78409189655	-6.28129184876	-0.502800047783
HR	5.25,7.25	42087	-6.42252054469	-5.97703551189	-0.445485032801
HS	5.25,7.25	55853	-6.13953620971	-5.83466914641	-0.3048670633
HT	5.25,7.25	57065	-6.11806848009	-5.91829396669	-0.199774513394
HV	5.25,7.25	113785	-5.42794874628	-5.62721535555	0.199266609264
HW	5.25,7.25	27202	-6.85896894908	-7.26178181332	0.402812864239
HY	5.25,7.25	59849	-6.07043472567	-6.32397394466	0.253539218989
II	5.25,7.25	185701	-4.93812159572	-5.64511916235	0.70699756663
IK	5.25,7.25	222769	-4.75612408896	-4.96970123964	0.21357715068
IL	5.25,7.25	531968	-3.88567611194	-4.48140055086	0.595724438925
IM	5.25,7.25	116675	-5.40286715726	-5.95791487334	0.555047716087
IN	5.25,7.25	171366	-5.018457829	-5.30274514331	0.284287314305
IP	5.25,7.25	146264	-5.17684624107	-5.30931899552	0.132472754454
IQ	5.25,7.25	142822	-5.20066034943	-5.39156034502	0.190899995594
IR	5.25,7.25	182319	-4.95650154903	-5.08730400815	0.130802459117
IS	5.25,7.25	251721	-4.63393811777	-4.94493764267	0.310999524899
IT	5.25,7.25	247522	-4.65075998215	-5.02856246295	0.377802480809
IV	5.25,7.25	403104	-4.16306485592	-4.73748385181	0.574418995884
IW	5.25,7.25	68261	-5.93892085585	-6.37205030958	0.433129453729
IY	5.25,7.25	196778	-4.88018325934	-5.43424244092	0.554059181576
KK	5.25,7.25	21656	-7.08697689678	-5.6805841032	-1.40639279358
KL	5.25,7.25	321107	-4.39048504817	-4.4991329928	0.10864794463
KM	5.25,7.25	62180	-6.03222604446	-5.97564731529	-0.0565787291768
KN	5.25,7.25	45010	-6.35537476179	-5.32047758525	-1.03489717654
KP	5.25,7.25	41120	-6.44576482795	-5.32705143746	-1.11871339048
KQ	5.25,7.25	36056	-6.5771861637	-5.40929278697	-1.16789337674
KR	5.25,7.25	44517	-6.3663883104	-5.10503645009	-1.26135186031
KS	5.25,7.25	77496	-5.81203312697	-4.96267008462	-0.849363042353
KT	5.25,7.25	80827	-5.76994838097	-5.0462949049	-0.723653476072
KV	5.25,7.25	224882	-4.7466836289	-4.75521629375	0.0085326648467
KW	5.25,7.25	44012	-6.37779712509	-6.38978275152	0.0119856264391
KY	5.25,7.25	109926	-5.46245203696	-5.45197488286	-0.0104771540967
LL	5.25,7.25	452187	-4.048163638	-4.70398147351	0.655817835511
LM	5.25,7.25	182218	-4.95705567661	-5.48734662651	0.530290949895
LN	5.25,7.25	239411	-4.68407770882	-4.83217689647	0.148099187647
LP	5.25,7.25	237112	-4.69372684575	-4.83875074868	0.145023902937
LQ	5.25,7.25	236837	-4.69488730829	-4.92099209819	0.226104789897
LR	5.25,7.25	307440	-4.43397950284	-4.61673576131	0.182756258475
LS	5.25,7.25	389338	-4.19781158814	-4.47436939584	0.276557807692
LT	5.25,7.25	375471	-4.23407821123	-4.55799421612	0.323916004886
LV	5.25,7.25	625718	-3.72335965872	-4.26691560497	0.543555946247
LW	5.25,7.25	114965	-5.41763171488	-5.90148206274	0.483850347866
LY	5.25,7.25	291745	-4.48637931603	-4.96367419408	0.477294878046
MM	5.25,7.25	21837	-7.07865367029	-7.65701683644	0.578363166155
MN	5.25,7.25	50746	-6.23542665201	-6.30869121895	0.0732645669391
MP	5.25,7.25	47461	-6.30235112793	-6.31526507117	0.012913943233
MQ	5.25,7.25	44560	-6.36542285347	-6.39750642067	0.0320835671943
MR	5.25,7.25	59196	-6.08140547705	-6.09325008379	0.0118446067403
MS	5.25,7.25	76662	-5.82285330026	-5.95088371832	0.128030418062
MT	5.25,7.25	75454	-5.83873625004	-6.0345085386	0.195772288557
MV	5.25,7.25	132811	-5.27333238416	-5.74342992745	0.470097543296
MW	5.25,7.25	25292	-6.9317713089	-7.37799638523	0.446225076331
MY	5.25,7.25	64344	-5.99801575949	-6.44018851656	0.442172757071
NN	5.25,7.25	26017	-6.90350927858	-6.34667319142	-0.556836087159
NP	5.25,7.25	43882	-6.38075523587	-5.66009534113	-0.720659894746
NQ	5.25,7.25	37750	-6.5312739734	-5.74233669063	-0.788937282768
NR	5.25,7.25	47240	-6.30701845776	-5.43808035376	-0.868938104008
NS	5.25,7.25	80774	-5.77060431753	-5.29571398828	-0.474890329247
NT	5.25,7.25	76916	-5.8195455318	-5.37933880856	-0.440206723243
NV	5.25,7.25	171986	-5.01484637094	-5.08826019741	0.0734138264725
NW	5.25,7.25	36703	-6.5594009535	-6.72282665519	0.163425701685
NY	5.25,7.25	87363	-5.69218759703	-5.78501878652	0.0928311894973
PP	5.25,7.25	25668	-6.9170143692	-6.35982092568	-0.557193443527
PQ	5.25,7.25	36265	-6.57140636028	-5.74891054285	-0.822495817432
PR	5.25,7.25	49002	-6.27039833549	-5.44465420597	-0.825744129518
PS	5.25,7.25	73641	-5.86305751324	-5.30228784049	-0.560769672749
PT	5.25,7.25	73175	-5.86940561651	-5.38591266078	-0.483492955739
PV	5.25,7.25	172068	-5.01436970157	-5.09483404963	0.0804643480564
PW	5.25,7.25	38654	-6.50760918653	-6.7294005074	0.221791320874
PY	5.25,7.25	87233	-5.6936767494	-5.79159263874	0.0979158893373
QQ	5.25,7.25	16856	-7.33755277259	-6.52430401485	-0.813248757739
QR	5.25,7.25	42825	-6.40513740488	-5.52689555547	-0.878241849409
QS	5.25,7.25	62895	-6.0207927798	-5.38452919	-0.636263589804
QT	5.25,7.25	65856	-5.97478890888	-5.46815401028	-0.506634898602
QV	5.25,7.25	153867	-5.12617085619	-5.17707539913	0.0509045429397
QW	5.25,7.25	36237	-6.5721787528	-6.81164185691	0.239463104105
QY	5.25,7.25	75857	-5.83340946015	-5.87383398824	0.0404245280945
RR	5.25,7.25	30314	-6.75064979708	-5.91579004469	-0.834859752394
RS	5.25,7.25	82595	-5.74831030309	-5.08027285312	-0.668037449962
RT	5.25,7.25	86682	-5.70001319932	-5.1638976734	-0.536115525913
RV	5.25,7.25	212485	-4.80338805146	-4.87281906226	0.0694310108016
RW	5.25,7.25	48736	-6.27584147238	-6.50738552003	0.231544047652
RY	5.25,7.25	102199	-5.53533755611	-5.56957765137	0.0342400952602
SS	5.25,7.25	72286	-5.8816289763	-5.63105682999	-0.250572146311
ST	5.25,7.25	124629	-5.33691812504	-5.02153130793	-0.315386817108
SV	5.25,7.25	275208	-4.54473227369	-4.73045269678	0.185720423092
SW	5.25,7.25	54600	-6.16222556634	-6.36501915456	0.202793588215
SY	5.25,7.25	124580	-5.33731136927	-5.42721128589	0.0898999166247
TT	5.25,7.25	64335	-5.99815564246	-5.79830674632	-0.199848896131
TV	5.25,7.25	282873	-4.51726141542	-4.81407751706	0.296816101638
TW	5.25,7.25	55244	-6.15049971188	-6.44864397484	0.298144262961
TY	5.25,7.25	128821	-5.30383560523	-5.51083610617	0.207000500938
VV	5.25,7.25	250247	-4.63981101898	-5.2161486559	0.576337636916
VW	5.25,7.25	83633	-5.73582127005	-6.15756536369	0.421744093642
VY	5.25,7.25	220489	-4.76641164207	-5.21975749502	0.453345852953
WW	5.25,7.25	11832	-7.69145172368	-8.48529217613	0.793840452444
WY	5.25,7.25	48793	-6.27467258915	-6.8543239528	0.579651363655
YY	5.25,7.25	62291	-6.03044249601	-6.60966842214	0.579225926125
AA	6.25,8.25	144589	-4.78077346498	-5.08699041298	0.306216948
AC	6.25,8.25	70145	-5.50410417172	-5.90537191113	0.401267739409
AD	6.25,8.25	75812	-5.42641210842	-4.83953056263	-0.586881545796
AE	6.25,8.25	80964	-5.36066408846	-4.69420035777	-0.666463730682
AF	6.25,8.25	189083	-4.51248262779	-4.86492702163	0.352444393845
AG	6.25,8.25	138212	-4.82587996164	-4.70125092532	-0.124629036324
AH	6.25,8.25	52749	-5.78912388506	-5.57487236524	-0.214251519821
AI	6.25,8.25	295365	-4.06645682022	-4.49717859475	0.430721774527
AK	6.25,8.25	61297	-5.63893779779	-4.84836858531	-0.790569212477
AL	6.25,8.25	473975	-3.5935141222	-4.05030082976	0.456786707555
AM	6.25,8.25	90327	-5.25123228084	-5.5835262654	0.332293984562
AN	6.25,8.25	61775	-5.63116994801	-5.13366295189	-0.497506996124
AP	6.25,8.25	63581	-5.60235401631	-5.1550232648	-0.447330751515
AQ	6.25,8.25	53018	-5.78403722135	-5.23292616146	-0.551111059894
AR	6.25,8.25	70216	-5.5030924946	-4.9083863028	-0.594706191796
AS	6.25,8.25	126804	-4.91202611264	-4.73438594983	-0.177640162808
AT	6.25,8.25	121132	-4.95778783981	-4.75815916781	-0.199628671999
AV	6.25,8.25	333206	-3.94590778256	-4.30908000033	0.363172217777
AW	6.25,8.25	57690	-5.69958485162	-5.94875883716	0.249173985545
AY	6.25,8.25	127229	-4.90868008755	-5.03783246065	0.129152373106
CC	6.25,8.25	21928	-6.66690434089	-8.11006436495	1.44316002406
CD	6.25,8.25	24993	-6.53607291423	-6.35106224016	-0.185010674072
CE	6.25,8.25	24888	-6.54028294029	-6.2057320353	-0.334550904993
CF	6.25,8.25	54396	-5.75837807814	-6.37645869916	0.61808062102
CG	6.25,8.25	43353	-5.9852927949	-6.21278260285	0.227489807944
CH	6.25,8.25	20699	-6.72458330996	-7.08640404276	0.361820732801
CI	6.25,8.25	76109	-5.42250217657	-6.00871027228	0.586208095704
CK	6.25,8.25	21224	-6.69953608305	-6.35990026284	-0.339635820217
CL	6.25,8.25	117521	-4.98805165887	-5.56183250728	0.573780848413
CM	6.25,8.25	26883	-6.46317458332	-7.09505794293	0.631883359607
CN	6.25,8.25	23000	-6.61917448396	-6.64519462942	0.0260201454575
CP	6.25,8.25	22696	-6.63248000238	-6.66655494233	0.0340749399438
CQ	6.25,8.25	18241	-6.85099689218	-6.74445783899	-0.106539053197
CR	6.25,8.25	22532	-6.63973217886	-6.41991798033	-0.219814198526
CS	6.25,8.25	44088	-5.96848106331	-6.24591762736	0.277436564053
CT	6.25,8.25	37509	-6.13008779571	-6.26969084534	0.139603049631
CV	6.25,8.25	83060	-5.33510546169	-5.82061167786	0.485506216174
CW	6.25,8.25	18218	-6.85225858357	-7.46029051469	0.608031931126
CY	6.25,8.25	40429	-6.05512135065	-6.54936413818	0.494242787529
DD	6.25,8.25	12042	-7.26626816085	-5.97837275508	-1.28789540576
DE	6.25,8.25	18245	-6.85077763	-5.1398906868	-1.7108869432
DF	6.25,8.25	86534	-5.2941312996	-5.31061735066	0.0164860510671
DG	6.25,8.25	42097	-6.01469222065	-5.14694125435	-0.867750966297
DH	6.25,8.25	19918	-6.76304485438	-6.02056269427	-0.742482160113
DI	6.25,8.25	126525	-4.91422878279	-4.94286892378	0.0286401409907
DK	6.25,8.25	14387	-7.08834367883	-5.29405891434	-1.7942847645
DL	6.25,8.25	180185	-4.56068459902	-4.49599115878	-0.064693440238
DM	6.25,8.25	35080	-6.19703753238	-6.02921659443	-0.167820937958
DN	6.25,8.25	20303	-6.74390004151	-5.57935328092	-1.16454676059
DP	6.25,8.25	20507	-6.73390240862	-5.60071359383	-1.13318881479
DQ	6.25,8.25	14661	-7.06947779293	-5.67861649049	-1.39086130244
DR	6.25,8.25	21533	-6.68508205776	-5.35407663183	-1.33100542593
DS	6.25,8.25	37082	-6.14153702321	-5.18007627886	-0.96146074435
DT	6.25,8.25	40905	-6.04341639492	-5.20384949684	-0.839566898083
DV	6.25,8.25	129597	-4.89023906439	-4.75477032936	-0.135468735025
DW	6.25,8.25	24981	-6.53655316397	-6.39444916619	-0.142103997773
DY	6.25,8.25	52724	-5.78959794004	-5.48352278968	-0.306075150357
EE	6.25,8.25	11030	-7.35404986662	-5.68771171195	-1.66633815467
EF	6.25,8.25	98532	-5.16428733137	-5.16528714581	0.000999814433865
EG	6.25,8.25	36732	-6.15102039014	-5.00161104949	-1.14940934064
EH	6.25,8.25	21404	-6.69109087944	-5.87523248941	-0.815858390029
EI	6.25,8.25	133734	-4.85881594744	-4.79753871892	-0.0612772285128
EK	6.25,8.25	13850	-7.12638346726	-5.14872870948	-1.97765475777
EL	6.25,8.25	202495	-4.44395350501	-4.35066095393	-0.0932925510757
EM	6.25,8.25	38307	-6.10903605278	-5.88388638957	-0.225149663207
EN	6.25,8.25	17115	-6.91471342791	-5.43402307606	-1.48069035184
EP	6.25,8.25	18344	-6.84536615433	-5.45538338897	-1.38998276536
EQ	6.25,8.25	14672	-7.06872778437	-5.53328628563	-1.53544149874
ER	6.25,8.25	22838	-6.62624288461	-5.20874642698	-1.41749645763
ES	6.25,8.25	34005	-6.22816112726	-5.03474607401	-1.19341505325
ET	6.25,8.25	37980	-6.1176089945	-5.05851929198	-1.05908970252
EV	6.25,8.25	139271	-4.81824702455	-4.60944012451	-0.208806900046
EW	6.25,8.25	26705	-6.4698178861	-6.24911896134	-0.220698924759
EY	6.25,8.25	53450	-5.77592206242	-5.33819258483	-0.437729477592
FF	6.25,8.25	90067	-5.25411486208	-6.02916579354	0.775050931469
FG	6.25,8.25	103019	-5.11975526265	-5.17233771336	0.0525824507037
FH	6.25,8.25	56426	-5.7217386547	-6.04595915327	0.32422049857
FI	6.25,8.25	242340	-4.26432700109	-4.96826538278	0.703938381699
FK	6.25,8.25	86539	-5.29407352051	-5.31945537334	0.0253818528341
FL	6.25,8.25	372325	-3.83490157112	-4.52138761779	0.686486046673
FM	6.25,8.25	77598	-5.40312704623	-6.05461305343	0.651486007205
FN	6.25,8.25	72769	-5.46737865955	-5.60474973992	0.137371080373
FP	6.25,8.25	67855	-5.53729562436	-5.62611005283	0.0888144284777
FQ	6.25,8.25	63929	-5.59689560734	-5.70401294949	0.107117342153
FR	6.25,8.25	82635	-5.3402353803	-5.37947309084	0.039237710541
FS	6.25,8.25	114505	-5.01405020973	-5.20547273787	0.191422528142
FT	6.25,8.25	124225	-4.9325742624	-5.22924595585	0.296671693445
FV	6.25,8.25	268396	-4.16220519803	-4.78016678837	0.617961590335
FW	6.25,8.25	55446	-5.73925912575	-6.4198456252	0.680586499444
FY	6.25,8.25	130409	-4.88399303437	-5.50891924869	0.624926214314
GG	6.25,8.25	38574	-6.1020902255	-5.7018128757	-0.400277349804
GH	6.25,8.25	29848	-6.35855086397	-5.88228305696	-0.476267807012
GI	6.25,8.25	156412	-4.70217514838	-4.80458928647	0.102414138093
GK	6.25,8.25	27841	-6.42815894553	-5.15577927703	-1.2723796685
GL	6.25,8.25	227770	-4.32633235202	-4.35771152148	0.0313791694595
GM	6.25,8.25	46965	-5.90526605644	-5.89093695712	-0.0143290993235
GN	6.25,8.25	34633	-6.20986171514	-5.44107364361	-0.768788071526
GP	6.25,8.25	35931	-6.17306826726	-5.46243395652	-0.710634310736
GQ	6.25,8.25	27770	-6.43071239857	-5.54033685318	-0.890375545389
GR	6.25,8.25	36522	-6.15675388115	-5.21579699452	-0.940956886626
GS	6.25,8.25	70791	-5.49493682591	-5.04179664155	-0.453140184359
GT	6.25,8.25	61968	-5.62805057712	-5.06556985953	-0.562480717584
GV	6.25,8.25	169806	-4.62001209095	-4.61649069205	-0.00352139889347
GW	6.25,8.25	32655	-6.26867071653	-6.25616952889	-0.0125011876486
GY	6.25,8.25	68682	-5.52518154372	-5.34524315237	-0.179938391351
HH	6.25,8.25	11211	-7.33777326072	-7.44906144683	0.11128818611
HI	6.25,8.25	73434	-5.45828165626	-5.67821072639	0.219929070127
HK	6.25,8.25	12495	-7.2293401356	-6.02940071695	-1.19993941866
HL	6.25,8.25	116625	-4.99570504072	-5.23133296139	0.235627920671
HM	6.25,8.25	24445	-6.55824300386	-6.76455839703	0.206315393177
HN	6.25,8.25	16585	-6.94617002749	-6.31469508353	-0.631474943963
HP	6.25,8.25	17617	-6.88580435494	-6.33605539644	-0.549748958508
HQ	6.25,8.25	14051	-7.11197513226	-6.4139582931	-0.698016839168
HR	6.25,8.25	18709	-6.82566400839	-6.08941843444	-0.736245573946
HS	6.25,8.25	29513	-6.36983785565	-5.91541808147	-0.454419774176
HT	6.25,8.25	30236	-6.34563543246	-5.93919129945	-0.406444133011
HV	6.25,8.25	78005	-5.39789577269	-5.49011213197	0.0922163592799
HW	6.25,8.25	18556	-6.833875513	-7.1297909688	0.295915455802
HY	6.25,8.25	37163	-6.13935505723	-6.21886459229	0.0795095350573
II	6.25,8.25	203035	-4.44129032192	-5.29366746175	0.852377139837
IK	6.25,8.25	121339	-4.95608041871	-4.95170694646	-0.00437347225505
IL	6.25,8.25	567322	-3.41374165612	-4.15363919091	0.739897534785
IM	6.25,8.25	110985	-5.04527364284	-5.68686462655	0.641590983705
IN	6.25,8.25	102578	-5.1240452151	-5.23700131304	0.112956097944
IP	6.25,8.25	92958	-5.22252092165	-5.25836162595	0.0358407043024
IQ	6.25,8.25	85175	-5.30996073634	-5.33626452261	0.0263037862683
IR	6.25,8.25	106338	-5.08804599959	-5.01172466395	-0.0763213356349
IS	6.25,8.25	169527	-4.62165649372	-4.83772431098	0.216067817265
IT	6.25,8.25	180086	-4.56123418532	-4.86149752896	0.300263343641
IV	6.25,8.25	413797	-3.72929318448	-4.41241836148	0.683125177
IW	6.25,8.25	69305	-5.51615164622	-6.05209719831	0.535945552091
IY	6.25,8.25	172392	-4.60489774645	-5.1411708218	0.536273075354
KK	6.25,8.25	4052	-8.3554581135	-5.99604884201	-2.35940927149
KL	6.25,8.25	165748	-4.64420013726	-4.50482918146	-0.139370955796
KM	6.25,8.25	31317	-6.31050761879	-6.03805461711	-0.272453001688
KN	6.25,8.25	12681	-7.21456388964	-5.5881913036	-1.62637258604
KP	6.25,8.25	13668	-7.13961136564	-5.60955161651	-1.53005974913
KQ	6.25,8.25	10932	-7.36297443182	-5.68745451317	-1.67551991865
KR	6.25,8.25	11383	-7.32254768555	-5.36291465451	-1.95963303103
KS	6.25,8.25	26307	-6.48483363642	-5.18891430154	-1.29591933488
KT	6.25,8.25	28966	-6.38854597151	-5.21268751952	-1.17585845199
KV	6.25,8.25	114984	-5.00987571164	-4.76360835204	-0.246267359599
KW	6.25,8.25	21406	-6.69099744333	-6.40328718887	-0.287710254453
KY	6.25,8.25	44675	-5.95525463884	-5.49236081236	-0.462893826482
LL	6.25,8.25	470199	-3.60151269054	-4.3999107334	0.79839804286
LM	6.25,8.25	171042	-4.61275955951	-5.23998686155	0.627227302044
LN	6.25,8.25	141025	-4.80573152026	-4.79012354805	-0.0156079722172
LP	6.25,8.25	144472	-4.78158298274	-4.81148386095	0.0299008782157
LQ	6.25,8.25	132865	-4.86533512476	-4.88938675762	0.0240516328549
LR	6.25,8.25	170450	-4.6162267013	-4.56484689896	-0.0513798023466
LS	6.25,8.25	251484	-4.22728933066	-4.39084654599	0.163557215326
LT	6.25,8.25	261523	-4.18814646614	-4.41461976397	0.226473297826
LV	6.25,8.25	627412	-3.31306527776	-3.96554059649	0.652475318727
LW	6.25,8.25	112629	-5.0305694685	-5.60521943332	0.574649964823
LY	6.25,8.25	255415	-4.21177902661	-4.69429305681	0.482514030195
MM	6.25,8.25	19153	-6.80220933857	-7.46636933206	0.664159993492
MN	6.25,8.25	29038	-6.38606338283	-6.32334898369	-0.0627143991394
MP	6.25,8.25	27852	-6.42776392281	-6.3447092966	-0.0830546262117
MQ	6.25,8.25	25692	-6.50848904049	-6.42261219326	-0.0858768472355
MR	6.25,8.25	32389	-6.27684984091	-6.0980723346	-0.178777506308
MS	6.25,8.25	48320	-5.87682314626	-5.92407198163	0.0472488353694
MT	6.25,8.25	50921	-5.82439328774	-5.94784519961	0.123451911866
MV	6.25,8.25	120931	-4.95944856488	-5.49876603213	0.539317467251
MW	6.25,8.25	23095	-6.61505255601	-7.13844486896	0.523392312956
MY	6.25,8.25	50895	-5.82490401298	-6.22751849245	0.402614479466
NN	6.25,8.25	9400	-7.51395901061	-6.56663913497	-0.947319875644
NP	6.25,8.25	17883	-6.87081815898	-5.89484598309	-0.975972175894
NQ	6.25,8.25	14034	-7.11318574306	-5.97274887975	-1.14043686331
NR	6.25,8.25	16575	-6.94677316382	-5.64820902109	-1.29856414272
NS	6.25,8.25	32989	-6.25849452732	-5.47420866812	-0.7842858592
NT	6.25,8.25	33820	-6.23361635642	-5.4979818861	-0.735634470317
NV	6.25,8.25	98541	-5.16419599466	-5.04890271862	-0.115293276039
NW	6.25,8.25	20931	-6.71343738626	-6.68858155545	-0.024855830809
NY	6.25,8.25	42830	-5.99742990826	-5.77765517894	-0.219774729319
PP	6.25,8.25	11055	-7.35178588558	-6.60935989646	-0.742425989115
PQ	6.25,8.25	13981	-7.11696943488	-5.99410919266	-1.12286024222
PR	6.25,8.25	17743	-6.87867762795	-5.669569334	-1.20910829395
PS	6.25,8.25	32154	-6.28413184015	-5.49556898103	-0.788562859116
PT	6.25,8.25	33985	-6.22874944909	-5.51934219901	-0.70940725008
PV	6.25,8.25	102536	-5.12445474346	-5.07026303153	-0.05419171193
PW	6.25,8.25	21892	-6.66854742661	-6.70994186836	0.0413944417564
PY	6.25,8.25	45014	-5.94769514739	-5.79901549185	-0.148679655541
QQ	6.25,8.25	6546	-7.87581452381	-6.76516620991	-1.1106483139
QR	6.25,8.25	14079	-7.10998437441	-5.74747223066	-1.36251214375
QS	6.25,8.25	25475	-6.51697112078	-5.57347187769	-0.943499243087
QT	6.25,8.25	28058	-6.42039490359	-5.59724509567	-0.823149807921
QV	6.25,8.25	87149	-5.28704940246	-5.14816592819	-0.138883474266
QW	6.25,8.25	20791	-6.72014849913	-6.78784476502	0.067696265897
QY	6.25,8.25	37910	-6.11945377036	-5.87691838851	-0.242535381848
RR	6.25,8.25	9349	-7.51939931418	-6.11608456923	-1.40331474495
RS	6.25,8.25	33037	-6.25704055439	-5.24893201904	-1.00810853535
RT	6.25,8.25	34449	-6.21518873043	-5.27270523701	-0.942483493413
RV	6.25,8.25	118069	-4.98339950056	-4.82362606954	-0.159773431023
RW	6.25,8.25	25666	-6.50950154107	-6.46330490637	-0.0461966346992
RY	6.25,8.25	51112	-5.82064939659	-5.55237852985	-0.268270866734
SS	6.25,8.25	32152	-6.28419404274	-5.76808306211	-0.516110980627
ST	6.25,8.25	60290	-5.65550244739	-5.09870488404	-0.556797563343
SV	6.25,8.25	171832	-4.60815144459	-4.64962571657	0.0414742719793
SW	6.25,8.25	34824	-6.20436189564	-6.2893045534	0.0849426577596
SY	6.25,8.25	70573	-5.4980210648	-5.37837817689	-0.119642887912
TT	6.25,8.25	31112	-6.31707510304	-5.81562959949	-0.501445503549
TV	6.25,8.25	191133	-4.50169917909	-4.67339893454	0.171699755451
TW	6.25,8.25	36875	-6.14713488523	-6.31307777138	0.165942886147
TY	6.25,8.25	75456	-5.43111899497	-5.40215139486	-0.0289676001103
VV	6.25,8.25	243437	-4.25981051774	-4.91746970274	0.657659184997
VW	6.25,8.25	79210	-5.38256614641	-5.8639986039	0.481432457485
VY	6.25,8.25	185286	-4.53276812261	-4.95307222738	0.420304104776
WW	6.25,8.25	11430	-7.31842722208	-8.19683881989	0.878411597803
WY	6.25,8.25	41377	-6.03194352899	-6.59275106422	0.560807535226
YY	6.25,8.25	44704	-5.95460571681	-6.37497757823	0.420371861413
AA	7.25,inf	110923	-4.69732907897	-4.96021784271	0.262888763745
AC	7.25,inf	53734	-5.4221193976	-5.62518100187	0.203061604279
AD	7.25,inf	38059	-5.76702775865	-5.07624215558	-0.690785603072
AE	7.25,inf	36382	-5.81209119903	-5.01970063883	-0.792390560198
AF	7.25,inf	158203	-4.34228632738	-4.55879186694	0.216505539564
AG	7.25,inf	104106	-4.76075573502	-4.76430561399	0.00354987896927
AH	7.25,inf	32496	-5.92504834103	-5.57215549363	-0.352892847403
AI	7.25,inf	258820	-3.85003250648	-4.18830412388	0.338271617403
AK	7.25,inf	21911	-6.31917655204	-5.16198841412	-1.15718813792
AL	7.25,inf	377400	-3.47285971294	-3.76238304953	0.28952333659
AM	7.25,inf	72347	-5.12469135875	-5.37886578687	0.254174428113
AN	7.25,inf	32591	-5.92212916923	-5.32142475527	-0.60070441396
AP	7.25,inf	38776	-5.74836384733	-5.30655844432	-0.441805403004
AQ	7.25,inf	25693	-6.15994676461	-5.43915749038	-0.720789274227
AR	7.25,inf	28803	-6.04568579749	-5.11880219787	-0.926883599616
AS	7.25,inf	77892	-5.05084209403	-4.81410123257	-0.236740861465
AT	7.25,inf	78124	-5.0478680379	-4.80933484052	-0.238533197379
AV	7.25,inf	289240	-3.73890855256	-4.04383948455	0.304930931985
AW	7.25,inf	41749	-5.67448984696	-5.66374150261	-0.010748344345
AY	7.25,inf	84168	-4.97335054436	-4.82804673726	-0.145303807101
CC	7.25,inf	13613	-6.79514012734	-7.67645994276	0.881319815424
CD	7.25,inf	11442	-6.96887455002	-6.4343568768	-0.534517673228
CE	7.25,inf	10476	-7.05707841922	-6.37781536005	-0.679263059176
CF	7.25,inf	49936	-5.49542316034	-5.91690658816	0.421483427818
CG	7.25,inf	29726	-6.01414326214	-6.12242033521	0.108277073065
CH	7.25,inf	12293	-6.89713535119	-6.93027021485	0.0331348636611
CI	7.25,inf	69316	-5.16748958609	-5.5464188451	0.378929259004
CK	7.25,inf	7047	-7.45356335153	-6.52010313534	-0.933460216184
CL	7.25,inf	100536	-4.79564947356	-5.12049777074	0.324848297185
CM	7.25,inf	22075	-6.31171959938	-6.73698050808	0.425260908702
CN	7.25,inf	11719	-6.94495388959	-6.67953947649	-0.265414413104
CP	7.25,inf	12218	-6.90325507164	-6.66467316554	-0.238581906103
CQ	7.25,inf	7949	-7.33311921128	-6.7972722116	-0.535846999679
CR	7.25,inf	9251	-7.18143369208	-6.47691691909	-0.704516772994
CS	7.25,inf	26470	-6.13015332963	-6.17221595378	0.0420626241511
CT	7.25,inf	22596	-6.28839244641	-6.16744956173	-0.120942884674
CV	7.25,inf	75243	-5.08544246982	-5.40195420577	0.316511735941
CW	7.25,inf	15834	-6.64400581912	-7.02185622383	0.377850404707
CY	7.25,inf	26504	-6.12886968087	-6.18616145848	0.057291777608
DD	7.25,inf	4951	-7.80657576949	-6.57857505218	-1.22800071731
DE	7.25,inf	7696	-7.36546463251	-5.82887651375	-1.53658811875
DF	7.25,inf	42265	-5.66220602549	-5.36796774187	-0.294238283624
DG	7.25,inf	22942	-6.27319605401	-5.57348148891	-0.699714565097
DH	7.25,inf	9978	-7.10578267643	-6.38133136855	-0.72445130788
DI	7.25,inf	66737	-5.20540582411	-4.9974799988	-0.20792582531
DK	7.25,inf	5297	-7.73902472331	-5.97116428905	-1.76786043426
DL	7.25,inf	82978	-4.98758983345	-4.57155892445	-0.416030909002
DM	7.25,inf	17086	-6.56790593114	-6.18804166179	-0.379864269354
DN	7.25,inf	8120	-7.3118351917	-6.13060063019	-1.1812345615
DP	7.25,inf	8776	-7.2341446229	-6.11573431925	-1.11841030365
DQ	7.25,inf	6072	-7.60247730578	-6.24833336531	-1.35414394047
DR	7.25,inf	8507	-7.26527599188	-5.92797807279	-1.33729791908
DS	7.25,inf	17260	-6.55777366022	-5.62327710749	-0.934496552728
DT	7.25,inf	18630	-6.48139216126	-5.61851071544	-0.862881445818
DV	7.25,inf	67065	-5.20050304752	-4.85301535947	-0.347487688046
DW	7.25,inf	12153	-6.90858929298	-6.47291737753	-0.435671915449
DY	7.25,inf	23231	-6.26067775223	-5.63722261219	-0.623455140046
EE	7.25,inf	5186	-7.76020265875	-6.46549147769	-1.29471118107
EF	7.25,inf	44144	-5.6187083284	-5.31142622512	-0.307282103277
EG	7.25,inf	18370	-6.49544644664	-5.51693997217	-0.978506474476
EH	7.25,inf	11412	-6.97149991252	-6.3247898518	-0.646710060715
EI	7.25,inf	60252	-5.30762957903	-4.94093848205	-0.366691096975
EK	7.25,inf	4706	-7.85732705557	-5.9146227723	-1.94270428327
EL	7.25,inf	80631	-5.01628215492	-4.5150174077	-0.501264747218
EM	7.25,inf	16472	-6.60450337614	-6.13150014504	-0.473003231105
EN	7.25,inf	7133	-7.44143344257	-6.07405911345	-1.36737432913
EP	7.25,inf	7987	-7.32835012594	-6.0591928025	-1.26915732344
EQ	7.25,inf	6081	-7.60099618973	-6.19179184856	-1.40920434117
ER	7.25,inf	9207	-7.18620128156	-5.87143655605	-1.31476472552
ES	7.25,inf	15327	-6.67654936685	-5.56673559074	-1.10981377611
ET	7.25,inf	16861	-6.58116208307	-5.56196919869	-1.01919288438
EV	7.25,inf	61805	-5.28218107853	-4.79647384272	-0.485707235807
EW	7.25,inf	12224	-6.90276411345	-6.41637586079	-0.48638825266
EY	7.25,inf	23403	-6.2533011266	-5.58068109544	-0.672620031157
FF	7.25,inf	101147	-4.78959044162	-5.54367049946	0.754080057841
FG	7.25,inf	78720	-5.04026809313	-5.05603120028	0.0157631071519
FH	7.25,inf	38207	-5.76314660097	-5.86388107992	0.100734478944
FI	7.25,inf	267297	-3.81780494613	-4.48002971017	0.662224764033
FK	7.25,inf	33722	-5.88801490251	-5.45371400041	-0.434300902104
FL	7.25,inf	377024	-3.47385649997	-4.05410863581	0.580252135841
FM	7.25,inf	76101	-5.07410394048	-5.67059137315	0.596487432667
FN	7.25,inf	38235	-5.76241401937	-5.61315034156	-0.149263677815
FP	7.25,inf	39436	-5.73148624116	-5.59828403061	-0.133202210548
FQ	7.25,inf	31271	-5.96347419538	-5.73088307667	-0.232591118709
FR	7.25,inf	37792	-5.77406790586	-5.41052778416	-0.363540121699
FS	7.25,inf	74350	-5.09738167296	-5.10582681885	0.00844514588763
FT	7.25,inf	82617	-4.99194987538	-5.1010604268	0.109110551421
FV	7.25,inf	270606	-3.80550145743	-4.33556507083	0.530063613404
FW	7.25,inf	55276	-5.39382652793	-5.9554670889	0.561640560968
FY	7.25,inf	107728	-4.72655581407	-5.11977232355	0.393216509483
GG	7.25,inf	29279	-6.02929481037	-5.95469933185	-0.0745954785168
GH	7.25,inf	20318	-6.3946581532	-6.06939482696	-0.325263326237
GI	7.25,inf	127175	-4.56060125516	-4.68554345721	0.124942202053
GK	7.25,inf	11370	-6.97518703811	-5.65922774746	-1.31595929065
GL	7.25,inf	173365	-4.25076614734	-4.25962238286	0.00885623551899
GM	7.25,inf	35679	-5.83160306546	-5.8761051202	0.0445020547432
GN	7.25,inf	19494	-6.43605861996	-5.81866408861	-0.617394531347
GP	7.25,inf	22179	-6.30701945063	-5.80379777766	-0.503221672969
GQ	7.25,inf	14224	-6.7512346671	-5.93639682372	-0.81483784338
GR	7.25,inf	17432	-6.54785774823	-5.61604153121	-0.931816217023
GS	7.25,inf	45738	-5.58323588364	-5.3113405659	-0.271895317736
GT	7.25,inf	42708	-5.65177908955	-5.30657417385	-0.345204915703
GV	7.25,inf	140681	-4.45967042996	-4.54107881788	0.0814083879244
GW	7.25,inf	23076	-6.26737222948	-6.16098083595	-0.10639139353
GY	7.25,inf	43537	-5.6325541946	-5.3252860706	-0.307268123998
HH	7.25,inf	7497	-7.39166240535	-7.5704080463	0.178745640947
HI	7.25,inf	48722	-5.52003467241	-5.49339333685	-0.0266413355563
HK	7.25,inf	4565	-7.88774683182	-6.4670776271	-1.42066920473
HL	7.25,inf	70750	-5.14701280935	-5.0674722625	-0.0795405468492
HM	7.25,inf	15182	-6.68605483028	-6.68395499984	-0.00209983043816
HN	7.25,inf	8299	-7.29003032025	-6.62651396825	-0.663516352009
HP	7.25,inf	9698	-7.13424566719	-6.6116476573	-0.522598009892
HQ	7.25,inf	7042	-7.45427312514	-6.74424670336	-0.710026421782
HR	7.25,inf	8764	-7.23551292414	-6.42389141084	-0.811621513295
HS	7.25,inf	16964	-6.57507189426	-6.11919044554	-0.45588144872
HT	7.25,inf	16914	-6.57802366451	-6.11442405349	-0.463599611022
HV	7.25,inf	52577	-5.44388658411	-5.34892869752	-0.0949578865906
HW	7.25,inf	11538	-6.96051941004	-6.96883071558	0.00831130554768
HY	7.25,inf	22456	-6.29460750681	-6.13313595024	-0.161471556575
II	7.25,inf	217902	-4.02211992544	-4.8026931973	0.780573271863
IK	7.25,inf	48611	-5.52231550313	-5.08322625735	-0.439089245778
IL	7.25,inf	570898	-3.05895478615	-3.68362089275	0.624666106601
IM	7.25,inf	104491	-4.75706440258	-5.30010363009	0.543039227512
IN	7.25,inf	55696	-5.3862570148	-5.2426625985	-0.143594416306
IP	7.25,inf	60208	-5.30836011202	-5.22779628755	-0.0805638244734
IQ	7.25,inf	41931	-5.6701399357	-5.36039533361	-0.309744602093
IR	7.25,inf	49664	-5.50088502131	-5.04004004109	-0.460844980217
IS	7.25,inf	110977	-4.69684237324	-4.73533907579	0.0384967025525
IT	7.25,inf	122831	-4.59535591902	-4.73057268374	0.13521676472
IV	7.25,inf	419959	-3.36600825841	-3.96507732777	0.599069069365
IW	7.25,inf	66307	-5.21186987356	-5.58497934583	0.373109472276
IY	7.25,inf	137844	-4.48004273492	-4.74928458049	0.269241845567
KK	7.25,inf	1142	-9.27338423464	-6.75006845035	-2.52331578429
KL	7.25,inf	58864	-5.33093564751	-4.65730518299	-0.673630464515
KM	7.25,inf	11685	-6.94785937788	-6.27378792033	-0.674071457546
KN	7.25,inf	3979	-8.02513481443	-6.21634688874	-1.80878792568
KP	7.25,inf	4930	-7.81082635782	-6.20148057779	-1.60934578002
KQ	7.25,inf	3552	-8.13865452074	-6.33407962385	-1.80457489689
KR	7.25,inf	3309	-8.20951931693	-6.01372433134	-2.19579498559
KS	7.25,inf	8941	-7.21551790612	-5.70902336603	-1.50649454008
KT	7.25,inf	10520	-7.05288713856	-5.70425697398	-1.34863016458
KV	7.25,inf	45279	-5.59332199702	-4.93876161802	-0.654560379009
KW	7.25,inf	8356	-7.28318550218	-6.55866363608	-0.724521866097
KY	7.25,inf	14970	-6.70011714744	-5.72296887073	-0.977148276707
LL	7.25,inf	445368	-3.30726443916	-3.95084964405	0.643585204887
LM	7.25,inf	148590	-4.4049745106	-4.87418255573	0.469208045132
LN	7.25,inf	70168	-5.15527297922	-4.81674152414	-0.33853145508
LP	7.25,inf	84272	-4.97211568313	-4.80187521319	-0.170240469938
LQ	7.25,inf	60653	-5.30099624757	-4.93447425925	-0.366521988313
LR	7.25,inf	70919	-5.14462696516	-4.61411896674	-0.53050799842
LS	7.25,inf	154201	-4.36790839968	-4.30941800143	-0.0584903982438
LT	7.25,inf	166698	-4.28998155379	-4.30465160938	0.0146700555989
LV	7.25,inf	599358	-3.01030626351	-3.53915625342	0.528849989904
LW	7.25,inf	100133	-4.79966604355	-5.15905827148	0.359392227931
LY	7.25,inf	191927	-4.14905025447	-4.32336350613	0.174313251659
MM	7.25,inf	16650	-6.59375512944	-7.18382579267	0.590070663227
MN	7.25,inf	15442	-6.66907427598	-6.43322426148	-0.235850014502
MP	7.25,inf	16519	-6.6016541123	-6.41835795053	-0.183296161766
MQ	7.25,inf	12421	-6.88677675731	-6.55095699659	-0.335819760716
MR	7.25,inf	14288	-6.74674532174	-6.23060170408	-0.516143617658
MS	7.25,inf	30546	-5.98693160172	-5.92590073877	-0.0610308629482
MT	7.25,inf	33518	-5.89408273791	-5.92113434672	0.0270516088171
MV	7.25,inf	109111	-4.71379963318	-5.15563899076	0.441839357574
MW	7.25,inf	19946	-6.41313672389	-6.77554100882	0.362404284929
MY	7.25,inf	38248	-5.76207407455	-5.93984624347	0.177772168926
NN	7.25,inf	4349	-7.93621941225	-7.06894298598	-0.867276426274
NP	7.25,inf	8738	-7.23848401534	-6.36091691894	-0.877567096402
NQ	7.25,inf	6397	-7.5503362154	-6.493515965	-1.0568202504
NR	7.25,inf	6466	-7.53960766657	-6.17316067249	-1.36644699408
NS	7.25,inf	16590	-6.59736524167	-5.86845970718	-0.728905534487
NT	7.25,inf	16773	-6.58639489516	-5.86369331513	-0.722701580025
NV	7.25,inf	53643	-5.42381436061	-5.09819795916	-0.325616401445
NW	7.25,inf	11295	-6.98180519595	-6.71809997723	-0.263705218723
NY	7.25,inf	20051	-6.40788631805	-5.88240521188	-0.52548110617
PP	7.25,inf	5157	-7.7658103308	-7.03921017851	-0.72660015229
PQ	7.25,inf	5873	-7.63579976933	-6.47864965405	-1.15715011528
PR	7.25,inf	6810	-7.48777322571	-6.15829436154	-1.32947886417
PS	7.25,inf	17277	-6.55678920868	-5.85359339623	-0.703195812446
PT	7.25,inf	18720	-6.47657287482	-5.84882700418	-0.627745870638
PV	7.25,inf	65984	-5.21675305748	-5.08333164821	-0.133421409261
PW	7.25,inf	11700	-6.94657650407	-6.70323366628	-0.243342837789
PY	7.25,inf	21908	-6.31931347895	-5.86753890093	-0.451774578019
QQ	7.25,inf	2826	-8.36730306161	-7.30441002744	-1.06289303417
QR	7.25,inf	5175	-7.76232600672	-6.2908934076	-1.47143259912
QS	7.25,inf	11457	-6.96756444896	-5.98619244229	-0.981372006667
QT	7.25,inf	12717	-6.86322566483	-5.98142605024	-0.881799614589
QV	7.25,inf	43396	-5.63579807491	-5.21593069427	-0.419867380635
QW	7.25,inf	10339	-7.07024219327	-6.83583271234	-0.234409480928
QY	7.25,inf	17072	-6.56872565131	-6.00013794699	-0.568587704321
RR	7.25,inf	3241	-8.23028342171	-6.66369556464	-1.56658785707
RS	7.25,inf	13917	-6.77305423143	-5.66583714978	-1.10721708165
RT	7.25,inf	13821	-6.77997617125	-5.66107075773	-1.11890541352
RV	7.25,inf	53989	-5.41738502376	-4.89557540176	-0.521809621999
RW	7.25,inf	11516	-6.96242797312	-6.51547741982	-0.446950553296
RY	7.25,inf	20948	-6.36412216945	-5.67978265448	-0.684339514976
SS	7.25,inf	17446	-6.54705494986	-6.0542909368	-0.492764013054
ST	7.25,inf	34138	-5.87575421253	-5.35636979242	-0.519384420103
SV	7.25,inf	111814	-4.68932856938	-4.59087443646	-0.0984541329187
SW	7.25,inf	21291	-6.34788089766	-6.21077645452	-0.13710444314
SY	7.25,inf	38834	-5.7468691943	-5.37508168917	-0.371787505126
TT	7.25,inf	18452	-6.49099258017	-6.0447581167	-0.446234463472
TV	7.25,inf	128884	-4.54725257086	-4.58610804441	0.0388554735477
TW	7.25,inf	22637	-6.28657961015	-6.20601006247	-0.0805695476788
TY	7.25,inf	42240	-5.66279770647	-5.37031529712	-0.292482409349
VV	7.25,inf	241845	-3.91786832079	-4.5137633739	0.595895053117
VW	7.25,inf	70755	-5.14694214047	-5.4405147065	0.293572566036
VY	7.25,inf	141592	-4.45321566338	-4.60481994116	0.151604277773
WW	7.25,inf	9528	-7.15193051382	-7.75358161411	0.601651100296
WY	7.25,inf	31802	-5.94663616498	-6.22472195922	0.278085794238
YY	7.25,inf	28557	-6.05426325593	-6.08218205253	0.0279187966007
