CLIQUE	DEPTH	OBS	LOG_OBS	LOG_EXP	LOG_ODD
A	-inf,5.25	240495	-2.66659389663	-2.47295823553	-0.193635661105
C	-inf,5.25	25393	-4.91481965045	-3.92682123453	-0.987998415924
D	-inf,5.25	264521	-2.57137255271	-2.77227895333	0.200906400619
E	-inf,5.25	333092	-2.34087446784	-2.63233087738	0.291456409537
F	-inf,5.25	80671	-3.75891404089	-3.17848813331	-0.580425907576
G	-inf,5.25	273822	-2.53681493569	-2.84367111572	0.306856180027
H	-inf,5.25	93858	-3.60751019413	-3.61347003536	0.00595984122636
I	-inf,5.25	114386	-3.40971450211	-2.7289744654	-0.680740036708
K	-inf,5.25	277090	-2.52495083278	-2.68216047805	0.157209645275
L	-inf,5.25	196875	-2.86672418636	-2.08244715086	-0.784277035504
M	-inf,5.25	60396	-4.04837031836	-4.47087021394	0.422499895584
N	-inf,5.25	185490	-2.9262922237	-2.98381832185	0.0575260981472
P	-inf,5.25	186419	-2.92129636755	-3.21592065962	0.294624292066
Q	-inf,5.25	169383	-3.01713077295	-3.24779158602	0.230660813073
R	-inf,5.25	228122	-2.71941262238	-3.38115738505	0.66174476267
S	-inf,5.25	241751	-2.66138492511	-3.56013959618	0.898754671067
T	-inf,5.25	206328	-2.8198260604	-3.21890982974	0.399083769338
V	-inf,5.25	160308	-3.07219623115	-2.34060225558	-0.731593975565
W	-inf,5.25	30535	-4.73041962927	-4.31896184642	-0.41145778285
Y	-inf,5.25	91997	-3.62753722812	-3.75739886875	0.129861640631
A	4.25,6.25	151564	-2.66498994101	-2.47296205638	-0.192027884628
C	4.25,6.25	31870	-4.22433279057	-3.92681892518	-0.297513865396
D	4.25,6.25	126682	-2.84431790964	-2.77227524066	-0.0720426689828
E	4.25,6.25	149069	-2.681588633	-2.63232963495	-0.0492589980528
F	4.25,6.25	82861	-3.26883341387	-3.17848289151	-0.0903505223623
G	4.25,6.25	116508	-2.92803797882	-2.84367347927	-0.084364499555
H	4.25,6.25	61061	-3.57412455449	-3.61347143546	0.0393468809635
I	4.25,6.25	123960	-2.86603898608	-2.72897824713	-0.137060738947
K	4.25,6.25	132362	-2.80045732576	-2.68215929023	-0.118298035525
L	4.25,6.25	201985	-2.37780448178	-2.08244606413	-0.29535841765
M	4.25,6.25	47280	-3.8299105459	-4.47088618733	0.640975641432
N	4.25,6.25	96833	-3.11301007372	-2.98381505678	-0.12919501694
P	4.25,6.25	82754	-3.27012556754	-3.21591667263	-0.0542088949148
Q	4.25,6.25	91184	-3.17311847591	-3.24779495664	0.0746764807303
R	4.25,6.25	126385	-2.84666511522	-3.3811549157	0.53448980048
S	4.25,6.25	133076	-2.79507752541	-3.56014191611	0.765064390698
T	4.25,6.25	139276	-2.74954034308	-3.21891368938	0.469373346304
V	4.25,6.25	155673	-2.6382402656	-2.34060236943	-0.297637896173
W	4.25,6.25	33277	-4.18113145134	-4.31895849409	0.137827042754
Y	4.25,6.25	93982	-3.14289464443	-3.75739742582	0.614502781391
A	5.25,7.25	101969	-2.39533238997	-2.47296460429	0.0776322143188
C	5.25,7.25	28601	-3.66655955324	-3.92682513606	0.260265582816
D	5.25,7.25	39541	-3.34266312723	-2.77227787167	-0.57038525556
E	5.25,7.25	42170	-3.27829216773	-2.63232473271	-0.645967435029
F	5.25,7.25	64578	-2.85212743998	-3.17848343033	0.32635599035
G	5.25,7.25	61157	-2.9065569073	-2.84366763779	-0.062889269508
H	5.25,7.25	25817	-3.76896804583	-3.61346225098	-0.155505794848
I	5.25,7.25	92266	-2.49532552588	-2.72897655934	0.233651033458
K	5.25,7.25	38460	-3.37038249533	-2.68216567992	-0.688216815415
L	5.25,7.25	145327	-2.04101485974	-2.08244901944	0.0414341596972
M	5.25,7.25	29440	-3.63764694163	-4.4708434422	0.833196500564
N	5.25,7.25	31755	-3.56195104224	-2.98381864078	-0.578132401459
P	5.25,7.25	30600	-3.59900122653	-3.2159167836	-0.383084442936
Q	5.25,7.25	30054	-3.61700547189	-3.24779843027	-0.369207041615
R	5.25,7.25	44181	-3.23170640308	-3.38114815876	0.149441755675
S	5.25,7.25	57634	-2.96588856416	-3.56014613886	0.594257574699
T	5.25,7.25	56967	-2.97752908268	-3.21892255065	0.241393467968
V	5.25,7.25	110070	-2.31888470846	-2.34059924026	0.0217145318
W	5.25,7.25	25511	-3.78089150379	-4.31895112686	0.538059623064
Y	5.25,7.25	62690	-2.88179929021	-3.75739928584	0.875599995635
A	6.25,8.25	86842	-2.22206266363	-2.47295930876	0.25089664513
C	6.25,8.25	24732	-3.47805508754	-3.92685580177	0.448800714229
D	6.25,8.25	17656	-3.81507737028	-2.77227518875	-1.04280218153
E	6.25,8.25	14589	-4.00588521915	-2.63232920712	-1.37355601203
F	6.25,8.25	57595	-2.63271728086	-3.17848290344	0.545765622585
G	6.25,8.25	42667	-2.93272725152	-2.84368139587	-0.089045855643
H	6.25,8.25	14842	-3.98869203969	-3.61347248117	-0.375219558519
I	6.25,8.25	84586	-2.24838427095	-2.72896767146	0.480583400504
K	6.25,8.25	10999	-4.28834867966	-2.68216387263	-1.60618480703
L	6.25,8.25	133908	-1.78900004225	-2.08244389431	0.293443852065
M	6.25,8.25	24781	-3.47607580872	-4.47090277225	0.99482696352
N	6.25,8.25	15415	-3.9508119779	-2.98380972151	-0.967002256388
P	6.25,8.25	15185	-3.96584494074	-3.21591747628	-0.749927464461
Q	6.25,8.25	12079	-4.19468463161	-3.24777914068	-0.946905490934
R	6.25,8.25	15574	-3.94055018208	-3.38113993638	-0.559410245707
S	6.25,8.25	34499	-3.14522270113	-3.56015490165	0.414932200523
T	6.25,8.25	33971	-3.16064581976	-3.21892349057	0.0582776708077
V	6.25,8.25	101885	-2.06230831298	-2.34059986757	0.278291554585
W	6.25,8.25	18195	-3.78500620817	-4.31897936963	0.533973161458
Y	6.25,8.25	41234	-2.96688988049	-3.75740045027	0.790510569786
A	7.25,inf	71511	-2.40390296396	-2.47295385865	0.0690508946933
C	7.25,inf	21632	-3.59958054812	-3.92680750403	0.327226955907
D	7.25,inf	10438	-4.32830125476	-2.77227133567	-1.55602991908
E	7.25,inf	9181	-4.45661811682	-2.63232750721	-1.82429060961
F	7.25,inf	74134	-2.36787998151	-3.17847801605	0.810598034545
G	7.25,inf	34064	-3.14551313983	-2.84367087728	-0.301842262549
H	7.25,inf	12360	-4.15928879595	-3.61347464102	-0.545814154931
I	7.25,inf	107281	-1.99830268765	-2.7289681617	0.730665474055
K	7.25,inf	4555	-5.15752871727	-2.68215910765	-2.47536960962
L	7.25,inf	157729	-1.61287587745	-2.0824502866	0.469574409149
M	7.25,inf	28027	-3.34058591671	-4.47093496598	1.13034904926
N	7.25,inf	9940	-4.37718722731	-2.98381461355	-1.39337261377
P	7.25,inf	11781	-4.20726618372	-3.21590648848	-0.991359695236
Q	7.25,inf	7699	-4.63266379768	-3.24780629941	-1.38485749827
R	7.25,inf	7702	-4.63227421259	-3.38116966089	-1.25110455169
S	7.25,inf	24559	-3.47267586214	-3.56014395294	0.0874680908013
T	7.25,inf	27962	-3.34290780241	-3.21891772742	-0.123990074992
V	7.25,inf	117749	-1.90519900769	-2.34060128731	0.435402279617
W	7.25,inf	18174	-3.77376224671	-4.31899135443	0.545229107721
Y	7.25,inf	34883	-3.12175464346	-3.75740190403	0.635647260565
