CLIQUE	DEPTH	OBS	LOG_OBS	LOG_EXP	LOG_ODD
AA	-inf,5.25	110895	-4.93039026248	-5.25569958967	0.325309327193
AC	-inf,5.25	23022	-6.50252378966	-6.47971576503	-0.0228080246278
AD	-inf,5.25	154236	-4.60049017324	-4.60541624179	0.00492606855515
AE	-inf,5.25	171362	-4.49519579219	-4.39060860177	-0.104587190412
AF	-inf,5.25	53447	-5.66028356148	-5.45772119119	-0.202562370288
AG	-inf,5.25	175528	-4.47117549581	-4.54117101151	0.0699955156957
AH	-inf,5.25	52239	-5.68314472779	-5.56357642095	-0.119568306841
AI	-inf,5.25	84852	-5.19806550774	-5.10192758226	-0.0961379254802
AK	-inf,5.25	134815	-4.7350706019	-4.56458972343	-0.170480878469
AL	-inf,5.25	161059	-4.55720331267	-4.58906609592	0.0318627832499
AM	-inf,5.25	44138	-5.85165298073	-5.89013588138	0.0384829006486
AN	-inf,5.25	100065	-5.03315409532	-4.95231633611	-0.080837759212
AP	-inf,5.25	115331	-4.89116781518	-4.95114517084	0.0599773556592
AQ	-inf,5.25	101324	-5.02065076692	-5.03164220846	0.0109914415432
AR	-inf,5.25	123417	-4.8234052048	-4.71906568279	-0.10433952201
AS	-inf,5.25	160273	-4.56209545891	-4.6503086766	0.088213217686
AT	-inf,5.25	124444	-4.81511825464	-4.7776511381	-0.0374671165319
AV	-inf,5.25	120029	-4.8512406899	-4.82927071807	-0.021969971836
AW	-inf,5.25	20192	-6.63368758379	-6.39504748869	-0.238640095108
AY	-inf,5.25	55521	-5.62221274259	-5.36247552543	-0.259737217155
CC	-inf,5.25	10188	-7.31776351304	-9.09004914805	1.77228563502
CD	-inf,5.25	23207	-6.49452011285	-6.52258252612	0.0280624132622
CE	-inf,5.25	22074	-6.5445736248	-6.3077748861	-0.236798738706
CF	-inf,5.25	7437	-7.63250652843	-7.37488747551	-0.257619052919
CG	-inf,5.25	30398	-6.22459725338	-6.45833729583	0.233740042453
CH	-inf,5.25	10635	-7.2748236215	-7.48074270527	0.205919083768
CI	-inf,5.25	12645	-7.10171219003	-7.01909386659	-0.082618323446
CK	-inf,5.25	20496	-6.618744325	-6.48175600776	-0.136988317244
CL	-inf,5.25	19801	-6.65324162868	-6.50623238024	-0.147009248434
CM	-inf,5.25	5806	-7.88008220455	-7.8073021657	-0.0727800388525
CN	-inf,5.25	18307	-6.73169056978	-6.86948262043	0.13779205065
CP	-inf,5.25	21114	-6.58903774259	-6.86831145516	0.279273712578
CQ	-inf,5.25	13780	-7.01575580457	-6.94880849279	-0.0669473117819
CR	-inf,5.25	17063	-6.80206169361	-6.63623196711	-0.165829726496
CS	-inf,5.25	29207	-6.26456566358	-6.56747496092	0.302909297337
CT	-inf,5.25	19037	-6.69258961623	-6.69481742243	0.00222780619617
CV	-inf,5.25	16094	-6.86052753843	-6.74643700239	-0.114090536042
CW	-inf,5.25	3519	-8.38079721181	-8.31221377301	-0.0685834388047
CY	-inf,5.25	9559	-7.38149095107	-7.27964180976	-0.101849141315
DD	-inf,5.25	70035	-5.38997895306	-5.34143324009	-0.0485457129679
DE	-inf,5.25	159332	-4.56798399457	-4.43347536286	-0.134508631709
DF	-inf,5.25	60161	-5.54194976831	-5.50058795227	-0.0413618160361
DG	-inf,5.25	150975	-4.62185980996	-4.58403777259	-0.0378220373678
DH	-inf,5.25	60901	-5.52972447521	-5.60644318203	0.0767187068178
DI	-inf,5.25	91082	-5.12721387048	-5.14479434335	0.017580472864
DK	-inf,5.25	190903	-4.38720862451	-4.60745648452	0.220247860004
DL	-inf,5.25	147011	-4.64846665624	-4.631932857	-0.0165337992386
DM	-inf,5.25	42026	-5.90068559578	-5.93300264246	0.0323170466764
DN	-inf,5.25	112744	-4.91385430826	-4.99518309719	0.0813287889299
DP	-inf,5.25	109046	-4.9472042586	-4.99401193192	0.0468076733234
DQ	-inf,5.25	98625	-5.04764929099	-5.07450896955	0.0268596785585
DR	-inf,5.25	159536	-4.56670446807	-4.76193244387	0.195227975805
DS	-inf,5.25	149403	-4.63232671734	-4.69317543768	0.0608487203437
DT	-inf,5.25	129766	-4.77324124164	-4.82051789919	0.0472766575413
DV	-inf,5.25	116575	-4.88043922746	-4.87213747915	-0.00830174831148
DW	-inf,5.25	24489	-6.44075003302	-6.43791424977	-0.00283578324699
DY	-inf,5.25	75293	-5.31758690116	-5.40534228652	0.0877553853609
EE	-inf,5.25	112199	-4.91869998976	-4.9118173692	-0.00688262056558
EF	-inf,5.25	70348	-5.38551971628	-5.28578031226	-0.0997394040239
EG	-inf,5.25	155934	-4.58954122935	-4.36923013257	-0.220311096776
EH	-inf,5.25	70270	-5.38662910495	-5.39163554201	0.00500643706152
EI	-inf,5.25	112979	-4.91177210942	-4.92998670333	0.0182145939077
EK	-inf,5.25	256686	-4.09112052214	-4.3926488445	0.301528322362
EL	-inf,5.25	186521	-4.41043023687	-4.41712521699	0.00669498011332
EM	-inf,5.25	51510	-5.69719810658	-5.71819500244	0.0209968958643
EN	-inf,5.25	124428	-4.81524683479	-4.78037545718	-0.0348713776133
EP	-inf,5.25	119126	-4.85879231367	-4.77920429191	-0.079588021765
EQ	-inf,5.25	121704	-4.83738220299	-4.85970132953	0.0223191265352
ER	-inf,5.25	218260	-4.25328705747	-4.54712480385	0.293837746385
ES	-inf,5.25	157523	-4.5794025908	-4.47836779766	-0.101034793143
ET	-inf,5.25	142542	-4.67933737703	-4.60571025917	-0.0736271178613
EV	-inf,5.25	134812	-4.73509285487	-4.65732983913	-0.0777630157363
EW	-inf,5.25	28599	-6.28560231797	-6.22310660975	-0.0624957082228
EY	-inf,5.25	85611	-5.18916029059	-5.1905346465	0.00137435591019
FF	-inf,5.25	13845	-7.01104991353	-7.04604725025	0.0349973367236
FG	-inf,5.25	54290	-5.64463402224	-5.43634272199	-0.208291300246
FH	-inf,5.25	24033	-6.45954618425	-6.45874813143	-0.000798052824759
FI	-inf,5.25	36272	-6.04792797639	-5.99709929274	-0.0508286836443
FK	-inf,5.25	61494	-5.52003446108	-5.45976143391	-0.0602730271621
FL	-inf,5.25	60452	-5.53712440845	-5.4842378064	-0.0528866020432
FM	-inf,5.25	19200	-6.68406379112	-6.78530759186	0.101243800737
FN	-inf,5.25	42401	-5.89180212329	-5.84748804659	-0.0443140766952
FP	-inf,5.25	45308	-5.82549045282	-5.84631688132	0.0208264285075
FQ	-inf,5.25	39797	-5.95518253759	-5.92681391894	-0.0283686186439
FR	-inf,5.25	51354	-5.70023124003	-5.61423739327	-0.0859938467555
FS	-inf,5.25	56512	-5.60452106517	-5.54548038708	-0.0590406780945
FT	-inf,5.25	49184	-5.7434057028	-5.67282284858	-0.0705828542128
FV	-inf,5.25	46065	-5.80892062759	-5.72444242855	-0.0844781990463
FW	-inf,5.25	9778	-7.358839106	-7.29021919917	-0.0686199068292
FY	-inf,5.25	30673	-6.21559128136	-6.25764723592	0.0420559545597
GG	-inf,5.25	81455	-5.23892334964	-5.21294258933	-0.025980760308
GH	-inf,5.25	52760	-5.6732207423	-5.54219795175	-0.131022790559
GI	-inf,5.25	85079	-5.19539383353	-5.08054911306	-0.114844720472
GK	-inf,5.25	141154	-4.68912257721	-4.54321125423	-0.145911322977
GL	-inf,5.25	145182	-4.66098594239	-4.56768762672	-0.0932983156688
GM	-inf,5.25	41937	-5.902805578	-5.86875741218	-0.0340481658211
GN	-inf,5.25	106729	-4.96868115871	-4.93093786691	-0.0377432917974
GP	-inf,5.25	116662	-4.87969320514	-4.92976670164	0.0500734965026
GQ	-inf,5.25	88501	-5.15596021877	-5.01026373926	-0.145696479506
GR	-inf,5.25	110994	-4.92949792436	-4.69768721359	-0.231810710768
GS	-inf,5.25	166864	-4.52179496077	-4.6289302074	0.107135246621
GT	-inf,5.25	136065	-4.72584135742	-4.7562726689	0.0304313114842
GV	-inf,5.25	121222	-4.84135049484	-4.80789224886	-0.0334582459744
GW	-inf,5.25	21516	-6.57017722574	-6.37366901949	-0.196508206256
GY	-inf,5.25	65954	-5.45001654082	-5.34109705623	-0.108919484586
HH	-inf,5.25	21023	-6.59335699367	-7.25775851016	0.664401516486
HI	-inf,5.25	31805	-6.17935056002	-6.1029545225	-0.0763960375232
HK	-inf,5.25	52230	-5.68331702771	-5.56561666367	-0.117700364036
HL	-inf,5.25	56643	-5.60220565607	-5.59009303616	-0.0121126199111
HM	-inf,5.25	17474	-6.77826000828	-6.89116282161	0.112902813335
HN	-inf,5.25	38493	-5.98849766357	-5.95334327635	-0.0351543872242
HP	-inf,5.25	43939	-5.85617176176	-5.95217211108	0.0960003493152
HQ	-inf,5.25	37626	-6.01127876936	-6.0326691487	0.0213903793355
HR	-inf,5.25	48727	-5.75274077891	-5.72009262303	-0.0326481558857
HS	-inf,5.25	51457	-5.69822756271	-5.65133561683	-0.0468919458733
HT	-inf,5.25	46146	-5.80716378685	-5.77867807834	-0.0284857085106
HV	-inf,5.25	40198	-5.94515682701	-5.8302976583	-0.114859168708
HW	-inf,5.25	9750	-7.36170678514	-7.39607442892	0.0343676437795
HY	-inf,5.25	28720	-6.28138032597	-6.36350246567	0.0821221396978
II	-inf,5.25	31303	-6.19526013056	-6.33445788641	0.139197755855
IK	-inf,5.25	100845	-5.02538938556	-5.10396782499	0.0785784394214
IL	-inf,5.25	92477	-5.1120141052	-5.12844419747	0.0164300922723
IM	-inf,5.25	26969	-6.34428601192	-6.42951398293	0.0852279710046
IN	-inf,5.25	70213	-5.38744059108	-5.49169443766	0.104253846583
IP	-inf,5.25	66974	-5.43466958578	-5.49052327239	0.0558536866157
IQ	-inf,5.25	57078	-5.5945553167	-5.57102031002	-0.0235350066847
IR	-inf,5.25	69859	-5.39249514522	-5.25844378434	-0.134051360878
IS	-inf,5.25	87827	-5.1636050997	-5.18968677815	0.0260816784475
IT	-inf,5.25	75304	-5.31744081591	-5.31702923966	-0.000411576252223
IV	-inf,5.25	68643	-5.41005490964	-5.36864881962	-0.041406090017
IW	-inf,5.25	11226	-7.22074155363	-6.93442559024	-0.286315963394
IY	-inf,5.25	41389	-5.91595892511	-5.90185362699	-0.0141052981223
KK	-inf,5.25	83688	-5.21187847211	-5.2597800811	0.0479016089836
KL	-inf,5.25	154382	-4.59954401967	-4.59110633864	-0.00843768102551
KM	-inf,5.25	42381	-5.89227392156	-5.8921761241	-9.77974570491e-05
KN	-inf,5.25	120468	-4.84758991266	-4.95435657883	0.106766666178
KP	-inf,5.25	94538	-5.08997220008	-4.95318541356	-0.136786786515
KQ	-inf,5.25	98946	-5.04439982338	-5.03368245119	-0.0107173721924
KR	-inf,5.25	103649	-4.99796387917	-4.72110592551	-0.276857953659
KS	-inf,5.25	136461	-4.72293521064	-4.65234891932	-0.0705862913191
KT	-inf,5.25	121841	-4.83625715412	-4.77969138083	-0.0565657732888
KV	-inf,5.25	113523	-4.90696861059	-4.83131096079	-0.0756576498015
KW	-inf,5.25	24078	-6.45767550964	-6.39708773141	-0.0605877782311
KY	-inf,5.25	80519	-5.25048088873	-5.36451576816	0.114034879424
LL	-inf,5.25	85821	-5.18671033836	-5.30873289878	0.122022560419
LM	-inf,5.25	44346	-5.84695155712	-5.91665249659	0.0697009394646
LN	-inf,5.25	103765	-4.99684534318	-4.97883295132	-0.0180123918568
LP	-inf,5.25	119244	-4.85780225612	-4.97766178605	0.119859529936
LQ	-inf,5.25	106543	-4.97042541062	-5.05815882367	0.0877334130519
LR	-inf,5.25	129969	-4.77167810967	-4.745582298	-0.0260958116721
LS	-inf,5.25	148331	-4.63952780712	-4.67682529181	0.0372974846915
LT	-inf,5.25	121374	-4.8400973825	-4.80416775331	-0.0359296291901
LV	-inf,5.25	116694	-4.87941894606	-4.85578733328	-0.0236316127879
LW	-inf,5.25	21358	-6.5775476934	-6.4215641039	-0.155983589506
LY	-inf,5.25	65722	-5.45354034531	-5.38899214065	-0.0645482046651
MM	-inf,5.25	7670	-7.60165745477	-7.91088050836	0.309223053585
MN	-inf,5.25	31136	-6.20060936415	-6.27990273678	0.0792933726278
MP	-inf,5.25	30691	-6.21500461815	-6.27873157151	0.0637269533582
MQ	-inf,5.25	29520	-6.25390607042	-6.35922860913	0.105322538708
MR	-inf,5.25	34224	-6.10604691781	-6.04665208346	-0.0593948343581
MS	-inf,5.25	41403	-5.91562072818	-5.97789507726	0.0622743490828
MT	-inf,5.25	33536	-6.12635458145	-6.10523753877	-0.0211170426856
MV	-inf,5.25	31879	-6.17702658435	-6.15685711873	-0.0201694656209
MW	-inf,5.25	6353	-7.79004692787	-7.72263388935	-0.0674130385164
MY	-inf,5.25	19940	-6.64624630562	-6.6900619261	0.0438156204809
NN	-inf,5.25	50492	-5.71715916226	-6.03523469626	0.318075533995
NP	-inf,5.25	78549	-5.27525143628	-5.34091202624	0.0656605899655
NQ	-inf,5.25	73482	-5.34193359189	-5.42140906387	0.0794754719789
NR	-inf,5.25	82505	-5.22611517259	-5.10883253819	-0.117282634398
NS	-inf,5.25	109792	-4.94038640348	-5.040075532	0.0996891285206
NT	-inf,5.25	96927	-5.0650159523	-5.16741799351	0.102402041207
NV	-inf,5.25	81034	-5.24410525047	-5.21903757347	-0.0250676769994
NW	-inf,5.25	17437	-6.78037968482	-6.78481434409	0.00443465927034
NY	-inf,5.25	55759	-5.61793523786	-5.75224238084	0.134307142972
PP	-inf,5.25	45662	-5.817707628	-6.03289236066	0.215184732659
PQ	-inf,5.25	69510	-5.39750344304	-5.42023789859	0.0227344555538
PR	-inf,5.25	85516	-5.19027057722	-5.10766137292	-0.0826092042945
PS	-inf,5.25	110123	-4.93737614724	-5.03890436673	0.101528219485
PT	-inf,5.25	95455	-5.08031913791	-5.16624682823	0.0859276903279
PV	-inf,5.25	91391	-5.12382706481	-5.2178664082	0.0940393433836
PW	-inf,5.25	18915	-6.69901881207	-6.78364317882	0.0846243667497
PY	-inf,5.25	54071	-5.64867607239	-5.75107121557	0.10239514318
QQ	-inf,5.25	39575	-5.96077646439	-6.19388679795	0.233110333567
QR	-inf,5.25	88739	-5.15327459314	-5.18815841054	0.0348838174013
QS	-inf,5.25	93562	-5.10034975201	-5.11940140435	0.0190516523406
QT	-inf,5.25	81540	-5.23788037276	-5.24674386586	0.00886349309452
QV	-inf,5.25	72620	-5.35373370417	-5.29836344582	-0.0553702583486
QW	-inf,5.25	17633	-6.76920192373	-6.86414021644	0.0949382927125
QY	-inf,5.25	45799	-5.81471181333	-5.83156825319	0.0168564398554
RR	-inf,5.25	57106	-5.5940648802	-5.56873248999	-0.0253323902163
RS	-inf,5.25	111001	-4.92943485987	-4.80682487868	-0.122609981197
RT	-inf,5.25	100193	-5.03187574422	-4.93416734018	-0.0977084040397
RV	-inf,5.25	94642	-5.08887271799	-4.98578692014	-0.103085797849
RW	-inf,5.25	22088	-6.54393959553	-6.55156369077	0.00762409524048
RY	-inf,5.25	59837	-5.54734987143	-5.51899172751	-0.0283581439197
SS	-inf,5.25	89935	-5.13988688297	-5.43121825005	0.291331367077
ST	-inf,5.25	127515	-4.79074006542	-4.86541033399	0.0746702685737
SV	-inf,5.25	113257	-4.90931449755	-4.91702991395	0.00771541640556
SW	-inf,5.25	20031	-6.64169299661	-6.48280668457	-0.158886312037
SY	-inf,5.25	66502	-5.44174204776	-5.45023472132	0.00849267356512
TT	-inf,5.25	64109	-5.47838931047	-5.68590360724	0.207514296771
TV	-inf,5.25	102825	-5.00594555604	-5.04437237546	0.0384268194216
TW	-inf,5.25	17765	-6.76174384068	-6.61014914608	-0.1515946946
TY	-inf,5.25	55478	-5.62298752438	-5.57757718283	-0.0454103415552
VV	-inf,5.25	49825	-5.73045720405	-5.78914295952	0.0586857554692
VW	-inf,5.25	16295	-6.84811575786	-6.66176872604	-0.186347031822
VY	-inf,5.25	49491	-5.73718323529	-5.62919676279	-0.107986472502
WW	-inf,5.25	2668	-8.6576449421	-8.92071097833	0.263066036231
WY	-inf,5.25	11938	-7.15924748041	-7.19497353341	0.0357260530044
YY	-inf,5.25	18423	-6.72537418614	-6.85555526752	0.130181081383
AA	4.25,6.25	127818	-4.90216623326	-5.13806877565	0.235902542391
AC	4.25,6.25	43028	-5.99092254379	-6.16275503292	0.171832489139
AD	4.25,6.25	141002	-4.80399953568	-4.65195268606	-0.152046849619
AE	4.25,6.25	163361	-4.65681113451	-4.45800820315	-0.198802931353
AF	4.25,6.25	93279	-5.21717860822	-5.189070142	-0.0281084662193
AG	4.25,6.25	157427	-4.6938117516	-4.56071572359	-0.133096028009
AH	4.25,6.25	61672	-5.6309435912	-5.56314344082	-0.0678001503785
AI	4.25,6.25	149283	-4.74692977699	-4.81904383428	0.0721140572866
AK	4.25,6.25	129386	-4.8899734258	-4.63580069436	-0.254172731432
AL	4.25,6.25	264385	-4.17536723621	-4.32222898592	0.146861749711
AM	4.25,6.25	61950	-5.62644600228	-5.7505956287	0.124149626421
AN	4.25,6.25	100821	-5.13942694308	-4.98975310096	-0.149673842125
AP	4.25,6.25	100553	-5.14208865868	-4.99696827327	-0.145120385406
AQ	4.25,6.25	98867	-5.15899809778	-5.0753193216	-0.0836787761773
AR	4.25,6.25	124938	-4.9249559961	-4.77104548362	-0.153910512485
AS	4.25,6.25	166265	-4.63919070933	-4.65227766598	0.0130869566572
AT	4.25,6.25	141603	-4.79974624288	-4.75331343636	-0.0464328065141
AV	4.25,6.25	191178	-4.49956867912	-4.57956936498	0.0800006858638
AW	4.25,6.25	34151	-6.22198174219	-6.20012047805	-0.0218612641366
AY	4.25,6.25	89652	-5.25683810157	-5.21838523781	-0.0384528637638
CC	4.25,6.25	21592	-6.68045073464	-8.57375203068	1.89330129604
CD	4.25,6.25	34127	-6.22268475051	-6.369788616	0.147103865496
CE	4.25,6.25	33119	-6.25266647453	-6.1758441331	-0.0768223414317
CF	4.25,6.25	18131	-6.85515042991	-6.90690607195	0.0517556420351
CG	4.25,6.25	42798	-5.99628223783	-6.27855165353	0.282269415702
CH	4.25,6.25	18239	-6.84921145177	-7.28097937076	0.43176791899
CI	4.25,6.25	27584	-6.43553771587	-6.53687976423	0.101342048352
CK	4.25,6.25	30479	-6.33573568847	-6.35363662431	0.0179009358336
CL	4.25,6.25	43845	-5.97211292312	-6.04006491587	0.0679519927419
CM	4.25,6.25	12343	-7.23968450959	-7.46843155864	0.228747049051
CN	4.25,6.25	28213	-6.41299074573	-6.7075890309	0.294598285174
CP	4.25,6.25	30290	-6.34195598532	-6.71480420322	0.372848217901
CQ	4.25,6.25	21934	-6.66473566602	-6.79315525155	0.12841958553
CR	4.25,6.25	27781	-6.42842127656	-6.48888141356	0.0604601370041
CS	4.25,6.25	46148	-5.92091998729	-6.37011359593	0.449193608636
CT	4.25,6.25	33255	-6.24856847862	-6.47114936631	0.22258088769
CV	4.25,6.25	34564	-6.20996093238	-6.29740529493	0.0874443625512
CW	4.25,6.25	7804	-7.69813718759	-7.917956408	0.219819220403
CY	4.25,6.25	21712	-6.67490850726	-6.93622116775	0.261312660491
DD	4.25,6.25	49152	-5.85785607283	-5.55213651506	-0.305719557774
DE	4.25,6.25	104264	-5.10584746613	-4.66504178624	-0.440805679891
DF	4.25,6.25	83992	-5.32205205414	-5.39610372508	0.0740516709407
DG	4.25,6.25	104751	-5.10118750506	-4.76774930667	-0.333438198389
DH	4.25,6.25	56025	-5.72697559067	-5.7701770239	0.043201433232
DI	4.25,6.25	126385	-4.91344080657	-5.02607741736	0.112636610792
DK	4.25,6.25	129436	-4.88958705987	-4.84283427744	-0.0467527824269
DL	4.25,6.25	197527	-4.4668983265	-4.529262569	0.0623642425054
DM	4.25,6.25	46412	-5.91521556387	-5.95762921178	0.0424136479116
DN	4.25,6.25	85431	-5.30506457777	-5.19678668404	-0.108277893732
DP	4.25,6.25	73500	-5.45548820414	-5.20400185635	-0.251486347783
DQ	4.25,6.25	71303	-5.48583520808	-5.28235290468	-0.2034823034
DR	4.25,6.25	125231	-4.9226135785	-4.9780790667	0.0554654881934
DS	4.25,6.25	115501	-5.00349442242	-4.85931124906	-0.144183173359
DT	4.25,6.25	112715	-5.02791110145	-4.96034701945	-0.0675640820033
DV	4.25,6.25	149212	-4.74740549687	-4.78660294806	0.0391974511986
DW	4.25,6.25	32838	-6.26118722897	-6.40715406113	0.145966832169
DY	4.25,6.25	94071	-5.20872379405	-5.42541882089	0.216695026844
EE	4.25,6.25	69414	-5.51268503408	-5.16424700883	-0.348438025247
EF	4.25,6.25	97743	-5.17043202531	-5.20215924218	0.0317272168703
EG	4.25,6.25	97063	-5.17741335814	-4.57380482376	-0.603608534376
EH	4.25,6.25	60548	-5.64933717145	-5.57623254099	-0.0731046304605
EI	4.25,6.25	154276	-4.71403040424	-4.83213293446	0.118102530219
EK	4.25,6.25	167290	-4.63304477701	-4.64888979454	0.0158450175263
EL	4.25,6.25	246674	-4.24470598354	-4.3353180861	0.0906121025593
EM	4.25,6.25	55245	-5.74099577179	-5.76368472888	0.0226889570855
EN	4.25,6.25	86800	-5.28916698869	-5.00284220113	-0.286324787557
EP	4.25,6.25	74307	-5.44456845042	-5.01005737345	-0.43451107697
EQ	4.25,6.25	85298	-5.30662260279	-5.08840842178	-0.218214181013
ER	4.25,6.25	163398	-4.65658466791	-4.78413458379	0.127549915885
ES	4.25,6.25	119353	-4.97068812173	-4.66536676616	-0.305321355575
ET	4.25,6.25	120578	-4.96047676393	-4.76640253654	-0.19407422739
EV	4.25,6.25	175824	-4.58329011565	-4.59265846516	0.00936834950746
EW	4.25,6.25	38671	-6.09768364523	-6.21320957823	0.115525932998
EY	4.25,6.25	106150	-5.08792042221	-5.23147433798	0.143553915778
FF	4.25,6.25	28577	-6.40017141187	-6.62637360662	0.226202194747
FG	4.25,6.25	71594	-5.48176233878	-5.30486676261	-0.176895576171
FH	4.25,6.25	39457	-6.07756213901	-6.30729447984	0.229732340835
FI	4.25,6.25	77011	-5.40882534156	-5.5631948733	0.154369531742
FK	4.25,6.25	87163	-5.28499368141	-5.37995173339	0.0949580519733
FL	4.25,6.25	124948	-4.9248759596	-5.06638002494	0.141504065339
FM	4.25,6.25	33149	-6.25176106009	-6.49474666772	0.242985607632
FN	4.25,6.25	61365	-5.63593397031	-5.73390413998	0.0979701696742
FP	4.25,6.25	61108	-5.64013081985	-5.74111931229	0.100988492443
FQ	4.25,6.25	58406	-5.68535498607	-5.81947036063	0.134115374554
FR	4.25,6.25	75927	-5.42300125799	-5.51519652264	0.0921952646536
FS	4.25,6.25	84418	-5.31699296135	-5.396428705	0.0794357436549
FT	4.25,6.25	79613	-5.37559621426	-5.49746447539	0.121868261131
FV	4.25,6.25	92176	-5.22907381736	-5.32372040401	0.0946465866406
FW	4.25,6.25	20966	-6.70987153232	-6.94427151708	0.234399984751
FY	4.25,6.25	58767	-5.67919313749	-5.96253627683	0.283343139346
GG	4.25,6.25	62638	-5.61540148766	-5.36966232282	-0.245739164845
GH	4.25,6.25	45949	-5.92524152458	-5.67894006143	-0.246301463147
GI	4.25,6.25	110050	-5.05183880238	-4.93484045489	-0.116998347492
GK	4.25,6.25	89068	-5.26337348741	-4.75159731497	-0.511776172441
GL	4.25,6.25	180817	-4.55528814027	-4.43802560653	-0.117262533738
GM	4.25,6.25	42225	-6.00976114766	-5.86639224931	-0.143368898352
GN	4.25,6.25	79872	-5.37234825705	-5.10554972157	-0.266798535482
GP	4.25,6.25	76310	-5.41796961905	-5.11276489388	-0.305204725172
GQ	4.25,6.25	62632	-5.61549728075	-5.19111594221	-0.424381338537
GR	4.25,6.25	83370	-5.32948507793	-4.88684210423	-0.442642973707
GS	4.25,6.25	126324	-4.9139235753	-4.76807428659	-0.145849288707
GT	4.25,6.25	112246	-5.03208071911	-4.86911005697	-0.162970662138
GV	4.25,6.25	141207	-4.80254671145	-4.69536598559	-0.107180725862
GW	4.25,6.25	28266	-6.41111394141	-6.31591709866	-0.0951968427468
GY	4.25,6.25	79680	-5.37475499708	-5.33418185842	-0.0405731386604
HH	4.25,6.25	17203	-6.90768982314	-7.37452258364	0.4668327605
HI	4.25,6.25	51984	-5.80183763143	-5.93726817212	0.135430540692
HK	4.25,6.25	45148	-5.94282762826	-5.7540250322	-0.188802596059
HL	4.25,6.25	85728	-5.30159411699	-5.44045332376	0.138859206768
HM	4.25,6.25	22026	-6.66055003661	-6.86881996654	0.208269929928
HN	4.25,6.25	36458	-6.15661269724	-6.1079774388	-0.0486352584476
HP	4.25,6.25	38886	-6.09213932168	-6.11519261111	0.0230532894306
HQ	4.25,6.25	34324	-6.21692879241	-6.19354365944	-0.0233851329674
HR	4.25,6.25	46750	-5.90795935462	-5.88926982146	-0.0186895331643
HS	4.25,6.25	51450	-5.81216314807	-5.77050200382	-0.0416611442534
HT	4.25,6.25	50608	-5.82866394379	-5.8715377742	0.0428738304126
HV	4.25,6.25	62284	-5.62106903938	-5.69779370282	0.0767246634466
HW	4.25,6.25	15542	-7.00922757357	-7.31834481589	0.309117242325
HY	4.25,6.25	41545	-6.02599643324	-6.33660957565	0.310613142411
II	4.25,6.25	64574	-5.58496175736	-5.88631936897	0.301357611608
IK	4.25,6.25	138089	-4.82487520554	-5.00992542566	0.185050220127
IL	4.25,6.25	191830	-4.49616404721	-4.69635371722	0.200189670016
IM	4.25,6.25	47912	-5.88340761539	-6.12472036	0.241312744609
IN	4.25,6.25	97839	-5.1694503398	-5.36387783226	0.194427492462
IP	4.25,6.25	87402	-5.28225544466	-5.37109300457	0.0888375599137
IQ	4.25,6.25	83997	-5.32199252644	-5.4494440529	0.127451526469
IR	4.25,6.25	105375	-5.09524819403	-5.14517021492	0.0499220208849
IS	4.25,6.25	129246	-4.89105604522	-5.02640239728	0.135346352063
IT	4.25,6.25	120260	-4.96311754474	-5.12743816767	0.164320622923
IV	4.25,6.25	143426	-4.78695438761	-4.95369409628	0.166739708678
IW	4.25,6.25	25661	-6.50780128077	-6.57424520935	0.0664439285891
IY	4.25,6.25	84268	-5.31877141409	-5.59250996911	0.27373855502
KK	4.25,6.25	53472	-5.77361545794	-5.51983248255	-0.253782975395
KL	4.25,6.25	208592	-4.41239341943	-4.5131105773	0.10071715787
KM	4.25,6.25	46188	-5.92005358627	-5.94147722008	0.0214236338185
KN	4.25,6.25	85367	-5.3058140011	-5.18063469234	-0.12517930876
KP	4.25,6.25	61705	-5.63040864545	-5.18784986466	-0.442558780794
KQ	4.25,6.25	71549	-5.48239108069	-5.26620091299	-0.216190167704
KR	4.25,6.25	77804	-5.39858076661	-4.961927075	-0.436653691611
KS	4.25,6.25	105450	-5.09453670343	-4.84315925737	-0.251377446065
KT	4.25,6.25	106597	-5.08371824161	-4.94419502775	-0.13952321386
KV	4.25,6.25	148334	-4.75330712248	-4.77045095637	0.0171438338815
KW	4.25,6.25	33067	-6.25423780414	-6.39100206944	0.136764265299
KY	4.25,6.25	100400	-5.1436114031	-5.40926682919	0.265655426095
LL	4.25,6.25	173592	-4.59606589214	-4.89268825379	0.296622361648
LM	4.25,6.25	76763	-5.41205085712	-5.62790551164	0.215854654519
LN	4.25,6.25	139962	-4.81140265316	-4.8670629839	0.0556603307384
LP	4.25,6.25	148285	-4.75363751265	-4.87427815621	0.120640643562
LQ	4.25,6.25	149149	-4.74782780408	-4.95262920454	0.204801400468
LR	4.25,6.25	185369	-4.53042517724	-4.64835536656	0.117930189314
LS	4.25,6.25	211558	-4.39827441778	-4.52958754892	0.131313131139
LT	4.25,6.25	188219	-4.51516743187	-4.63062331931	0.115455887436
LV	4.25,6.25	232219	-4.30509271843	-4.45687924792	0.151786529498
LW	4.25,6.25	44172	-5.96468250617	-6.07743036099	0.112747854825
LY	4.25,6.25	127842	-4.9019784839	-5.09569512075	0.193716636847
MM	4.25,6.25	11489	-7.31138355448	-7.74942853136	0.438044976872
MN	4.25,6.25	35346	-6.18758837859	-6.29542962668	0.10784124809
MP	4.25,6.25	33586	-6.23866429688	-6.30264479899	0.063980502111
MQ	4.25,6.25	33245	-6.2488692305	-6.38099584732	0.132126616823
MR	4.25,6.25	40948	-6.0404706413	-6.07672200934	0.0362513680397
MS	4.25,6.25	47234	-5.8976596381	-5.9579541917	0.0602945536028
MT	4.25,6.25	43402	-5.98226808736	-6.05898996209	0.0767218747244
MV	4.25,6.25	55350	-5.7390969512	-5.8852458907	0.146148939503
MW	4.25,6.25	11710	-7.29233043275	-7.50579700377	0.213466571029
MY	4.25,6.25	33021	-6.25562988765	-6.52406176353	0.268431875884
NN	4.25,6.25	39617	-6.07351529129	-6.2277385767	0.154223285413
NP	4.25,6.25	58998	-5.67527006533	-5.54180227125	-0.133467794079
NQ	4.25,6.25	57980	-5.69267548686	-5.62015331958	-0.0725221672809
NR	4.25,6.25	67678	-5.53801244632	-5.31587948159	-0.222132964727
NS	4.25,6.25	92731	-5.2230707816	-5.19711166396	-0.025959117645
NT	4.25,6.25	88553	-5.26917236754	-5.29814743434	0.0289750668065
NV	4.25,6.25	105776	-5.09144995976	-5.12440336296	0.0329534031966
NW	4.25,6.25	23977	-6.57567857284	-6.74495447603	0.169275903195
NY	4.25,6.25	69832	-5.50668125292	-5.76321923579	0.256537982865
PP	4.25,6.25	32261	-6.27891454	-6.24216895245	-0.0367455875528
PQ	4.25,6.25	49992	-5.84091061773	-5.6273684919	-0.213542125832
PR	4.25,6.25	66970	-5.54852885243	-5.32309465391	-0.225434198524
PS	4.25,6.25	85220	-5.30753746228	-5.20432683627	-0.103210626008
PT	4.25,6.25	80174	-5.36857433757	-5.30536260666	-0.063211730912
PV	4.25,6.25	109081	-5.06068288484	-5.13161853528	0.0709356504394
PW	4.25,6.25	27068	-6.45442139198	-6.75216964835	0.297748256361
PY	4.25,6.25	68373	-5.5277956005	-5.7704344081	0.242638807604
QQ	4.25,6.25	29480	-6.36906154303	-6.39887140188	0.0298098588418
QR	4.25,6.25	70812	-5.49274513249	-5.40144570224	-0.0912994302521
QS	4.25,6.25	77037	-5.40848778443	-5.28267788461	-0.125809899828
QT	4.25,6.25	76553	-5.41479029895	-5.38371365499	-0.0310766439592
QV	4.25,6.25	97635	-5.17153757466	-5.20996958361	0.0384320089439
QW	4.25,6.25	24783	-6.54261567611	-6.83052069668	0.28790502057
QY	4.25,6.25	59880	-5.6604310508	-5.84878545643	0.188354405629
RR	4.25,6.25	45071	-5.94453458619	-5.79032249786	-0.154212088333
RS	4.25,6.25	96746	-5.18068462297	-4.97840404662	-0.20228057635
RT	4.25,6.25	97759	-5.17026834412	-5.079439817	-0.0908285271151
RV	4.25,6.25	130617	-4.88050423353	-4.90569574562	0.0251915120892
RW	4.25,6.25	33450	-6.24272182378	-6.52624685869	0.283525034909
RY	4.25,6.25	79803	-5.37321251262	-5.54451161845	0.171299105825
SS	4.25,6.25	76638	-5.41368057307	-5.5527864759	0.139105902829
ST	4.25,6.25	121091	-4.9562312813	-4.96067199937	0.00444071806455
SV	4.25,6.25	155338	-4.70717022243	-4.78692792799	0.079757705555
SW	4.25,6.25	30440	-6.33701607736	-6.40747904106	0.070462963694
SY	4.25,6.25	87824	-5.27743879855	-5.42574380081	0.148305002264
TT	4.25,6.25	65063	-5.57741757909	-5.75485834266	0.177440763573
TV	4.25,6.25	155110	-4.70863906772	-4.88796369837	0.17932463065
TW	4.25,6.25	28776	-6.39323190396	-6.50851481144	0.115282907477
TY	4.25,6.25	83747	-5.32497326119	-5.52677957119	0.201806310007
VV	4.25,6.25	96592	-5.1822776883	-5.40736965886	0.225091970559
VW	4.25,6.25	32765	-6.26341273786	-6.33477074006	0.0713580021929
VY	4.25,6.25	96290	-5.1854091391	-5.35303549981	0.16762636071
WW	4.25,6.25	4834	-8.17709932807	-8.64848344966	0.471384121586
WY	4.25,6.25	23207	-6.60831965305	-6.97358661288	0.365266959828
YY	4.25,6.25	33197	-6.25031409996	-6.68500395427	0.434689854307
AA	5.25,7.25	104289	-4.76128129205	-5.12240339046	0.361122098405
AC	5.25,7.25	45519	-5.59031736228	-5.9959448037	0.405627441412
AD	5.25,7.25	77257	-5.06130965694	-4.76581869188	-0.295490965057
AE	5.25,7.25	91624	-4.8907539374	-4.58036130342	-0.310392633976
AF	5.25,7.25	100262	-4.80066042372	-4.98835283254	0.187692408821
AG	5.25,7.25	102481	-4.77876976795	-4.69862766205	-0.0801421059057
AH	5.25,7.25	42706	-5.65410775791	-5.56896909684	-0.0851386610714
AI	5.25,7.25	163853	-4.30947749909	-4.62690691971	0.317429420626
AK	5.25,7.25	71680	-5.13623541483	-4.75369668159	-0.382538733236
AL	5.25,7.25	271659	-3.80389958018	-4.15840340597	0.354503825794
AM	5.25,7.25	57085	-5.36390579837	-5.66127805716	0.297372258791
AN	5.25,7.25	59784	-5.31770911687	-5.07868708244	-0.239022034425
AP	5.25,7.25	55512	-5.3918479699	-5.11185041594	-0.279997553963
AQ	5.25,7.25	56044	-5.38231008699	-5.15169442103	-0.230615665953
AR	5.25,7.25	71868	-5.13361608042	-4.84390579919	-0.289710281236
AS	5.25,7.25	110521	-4.70324163534	-4.70780376453	0.00456212918154
AT	5.25,7.25	95886	-4.84528719766	-4.75745997622	-0.0878272214391
AV	5.25,7.25	190778	-4.15733673511	-4.42031072937	0.262973994254
AW	5.25,7.25	34548	-5.86609752208	-6.04866192383	0.182564401755
AY	5.25,7.25	85290	-4.96238996916	-5.10472147949	0.142331510329
CC	5.25,7.25	22717	-6.28533364061	-8.25579651001	1.97046286939
CD	5.25,7.25	24060	-6.22789647295	-6.33251003693	0.10461356398
CE	5.25,7.25	24130	-6.22499130386	-6.14705264847	-0.0779386553838
CF	5.25,7.25	25354	-6.17551067498	-6.5550441776	0.379533502617
CG	5.25,7.25	34199	-5.87625077962	-6.2653190071	0.389068227477
CH	5.25,7.25	16705	-6.59273910769	-7.13566044189	0.542921334202
CI	5.25,7.25	37052	-5.7961248521	-6.19359826476	0.397473412661
CK	5.25,7.25	21817	-6.32575770109	-6.32038802664	-0.00536967444188
CL	5.25,7.25	58899	-5.33262307091	-5.72509475102	0.392471680114
CM	5.25,7.25	14773	-6.71564599316	-7.22796940221	0.512323409053
CN	5.25,7.25	21440	-6.34318884729	-6.64537842749	0.3021895802
CP	5.25,7.25	21147	-6.35694913204	-6.67854176099	0.321592628951
CQ	5.25,7.25	17207	-6.56313090572	-6.71838576608	0.15525486036
CR	5.25,7.25	21499	-6.34044076107	-6.41059714424	0.0701563831679
CS	5.25,7.25	38075	-5.76888928471	-6.27449510958	0.505605824863
CT	5.25,7.25	28786	-6.04855802565	-6.32415132128	0.275593295621
CV	5.25,7.25	42616	-5.65621741388	-5.98700207442	0.330784660537
CW	5.25,7.25	9412	-7.16646171263	-7.61535326888	0.448891556253
CY	5.25,7.25	26113	-6.14601390888	-6.67141282454	0.525398915666
DD	5.25,7.25	16446	-6.60836489695	-5.79553495779	-0.812829939157
DE	5.25,7.25	28845	-6.04651051579	-4.91692653666	-1.12958397913
DF	5.25,7.25	63570	-5.25630552255	-5.32491806578	0.0686125432317
DG	5.25,7.25	47498	-5.5477595786	-5.03519289528	-0.512566683324
DH	5.25,7.25	23776	-6.23977051496	-5.90553433007	-0.334236184888
DI	5.25,7.25	93518	-4.87029325236	-4.96347215295	0.0931789005878
DK	5.25,7.25	30106	-6.00372269606	-5.09026191483	-0.913460781231
DL	5.25,7.25	138351	-4.47865324924	-4.49496863921	0.0163153899638
DM	5.25,7.25	28809	-6.04775934517	-5.99784329039	-0.04991605478
DN	5.25,7.25	28832	-6.04696130207	-5.41525231568	-0.631708986394
DP	5.25,7.25	25311	-6.17720809964	-5.44841564917	-0.728792450475
DQ	5.25,7.25	21486	-6.34104562325	-5.48825965427	-0.852785968984
DR	5.25,7.25	39366	-5.7355446839	-5.18047103242	-0.555073651482
DS	5.25,7.25	47029	-5.55768275079	-5.04436899776	-0.513313753028
DT	5.25,7.25	46618	-5.56646045085	-5.09402520946	-0.472435241392
DV	5.25,7.25	102543	-4.77816496069	-4.7568759626	-0.0212889980923
DW	5.25,7.25	21166	-6.35605106282	-6.38522715707	0.0291760942423
DY	5.25,7.25	54975	-5.40156864705	-5.44128671273	0.0397180656725
EE	5.25,7.25	16664	-6.59519647954	-5.42461952881	-1.17057695073
EF	5.25,7.25	73409	-5.11240063959	-5.13946067732	0.0270600377364
EG	5.25,7.25	41146	-5.69132046644	-4.84973550683	-0.841584959617
EH	5.25,7.25	24601	-6.20566009098	-5.72007694162	-0.48558314936
EI	5.25,7.25	108784	-4.71908291871	-4.77801476449	0.058931845782
EK	5.25,7.25	33995	-5.88223372852	-4.90480452637	-0.977429202145
EL	5.25,7.25	169131	-4.27777362091	-4.30951125075	0.0317376298377
EM	5.25,7.25	33214	-5.90547570971	-5.81238590194	-0.0930898077739
EN	5.25,7.25	25666	-6.16328002467	-5.22979492722	-0.933485097452
EP	5.25,7.25	22476	-6.29599911025	-5.26295826071	-1.03304084953
EQ	5.25,7.25	22152	-6.31051939763	-5.30280226581	-1.00771713181
ER	5.25,7.25	43573	-5.63400949102	-4.99501364397	-0.638995847052
ES	5.25,7.25	45052	-5.60062980531	-4.85891160931	-0.741718196004
ET	5.25,7.25	46425	-5.57060907626	-4.908567821	-0.662041255252
EV	5.25,7.25	120522	-4.61661487461	-4.57141857415	-0.0451963004693
EW	5.25,7.25	24136	-6.22474268164	-6.19976976861	-0.024972913027
EY	5.25,7.25	59259	-5.32652951628	-5.25582932427	-0.0707001920089
FF	5.25,7.25	41146	-5.69132046644	-6.24060419922	0.549283732777
FG	5.25,7.25	60935	-5.29863946122	-5.25772703595	-0.0409124252725
FH	5.25,7.25	36122	-5.82154508549	-6.12806847074	0.306523385245
FI	5.25,7.25	109710	-4.71060666267	-5.18600629361	0.475399630949
FK	5.25,7.25	65337	-5.22888869206	-5.31279605549	0.0839073634344
FL	5.25,7.25	173782	-4.25064554335	-4.71750277987	0.466857236528
FM	5.25,7.25	38615	-5.75480638147	-6.22037743106	0.465571049584
FN	5.25,7.25	49962	-5.49718446701	-5.63778645634	0.140601989329
FP	5.25,7.25	47904	-5.53924817526	-5.67094978984	0.131701614577
FQ	5.25,7.25	46595	-5.56695394426	-5.71079379493	0.143839850676
FR	5.25,7.25	60312	-5.30891609459	-5.40300517309	0.0940890785028
FS	5.25,7.25	73173	-5.11562068303	-5.26690313843	0.151282455397
FT	5.25,7.25	75566	-5.08344073692	-5.31655935013	0.233118613204
FV	5.25,7.25	123640	-4.59107306623	-4.97941010327	0.388337037035
FW	5.25,7.25	27787	-6.08387889807	-6.60776129773	0.523882399664
FY	5.25,7.25	72205	-5.12893788792	-5.66382085339	0.534882965477
GG	5.25,7.25	34280	-5.87388508977	-5.6611526478	-0.212732441964
GH	5.25,7.25	25278	-6.17851273127	-5.83834330024	-0.34016943103
GI	5.25,7.25	91791	-4.88893292989	-4.89628112312	0.00734819322568
GK	5.25,7.25	35478	-5.83953439743	-5.02307088499	-0.816463512434
GL	5.25,7.25	143102	-4.44488952079	-4.42777760938	-0.0171119114141
GM	5.25,7.25	31334	-5.96374341352	-5.93065226056	-0.033091152964
GN	5.25,7.25	38308	-5.76278843184	-5.34806128584	-0.414727145992
GP	5.25,7.25	35329	-5.84374302708	-5.38122461934	-0.462518407744
GQ	5.25,7.25	28751	-6.04977463425	-5.42106862444	-0.628706009813
GR	5.25,7.25	38332	-5.76216212701	-5.11328000259	-0.648882124423
GS	5.25,7.25	67201	-5.20075905512	-4.97717796793	-0.223581087196
GT	5.25,7.25	56477	-5.37461370787	-5.02683417963	-0.347779528241
GV	5.25,7.25	106256	-4.7425959067	-4.68968493277	-0.0529109739283
GW	5.25,7.25	21826	-6.3253452638	-6.31803612723	-0.00730913656973
GY	5.25,7.25	55129	-5.39877129	-5.3740956829	-0.024675607107
HH	5.25,7.25	11098	-7.00168227159	-7.40184051571	0.400158244116
HI	5.25,7.25	48164	-5.53383532947	-5.76662255791	0.232787228442
HK	5.25,7.25	17462	-6.54842009211	-5.89341231979	-0.655007772321
HL	5.25,7.25	75359	-5.08618382295	-5.29811904417	0.211935221213
HM	5.25,7.25	17659	-6.53720161506	-6.80099369535	0.263792080287
HN	5.25,7.25	17306	-6.55739392131	-6.21840272064	-0.338991200675
HP	5.25,7.25	17528	-6.5446475812	-6.25156605413	-0.293081527074
HQ	5.25,7.25	15140	-6.69110693549	-6.29141005923	-0.399696876259
HR	5.25,7.25	21216	-6.35369156949	-5.98362143738	-0.37007013211
HS	5.25,7.25	28496	-6.05868345695	-5.84751940272	-0.211164054228
HT	5.25,7.25	28349	-6.06385542731	-5.89717561442	-0.166679812894
HV	5.25,7.25	53751	-5.42408491201	-5.56002636756	0.13594145555
HW	5.25,7.25	13012	-6.84257517488	-7.18837756203	0.345802387142
HY	5.25,7.25	31288	-5.96521254604	-6.24443711769	0.279224571644
II	5.25,7.25	92840	-4.87756960209	-5.51771091386	0.64014131177
IK	5.25,7.25	98498	-4.81841094009	-4.95135014266	0.13293920257
IL	5.25,7.25	267650	-3.81876702666	-4.35605686704	0.537289840387
IM	5.25,7.25	56163	-5.3801890064	-5.85893151823	0.478742511826
IN	5.25,7.25	73243	-5.1146645033	-5.27634054351	0.161676040207
IP	5.25,7.25	63407	-5.25887291805	-5.309503877	0.0506309589524
IQ	5.25,7.25	64701	-5.23867052616	-5.3493478821	0.110677355945
IR	5.25,7.25	82570	-4.99480076507	-5.04155926026	0.0467584951918
IS	5.25,7.25	109173	-4.7155134035	-4.9054572256	0.189943822092
IT	5.25,7.25	111896	-4.69087731502	-4.95511343729	0.264236122276
IV	5.25,7.25	196933	-4.12558361413	-4.61796419044	0.492380576308
IW	5.25,7.25	35306	-5.84439426233	-6.2463153849	0.401921122574
IY	5.25,7.25	100453	-4.79875722708	-5.30237494056	0.503617713487
KK	5.25,7.25	11003	-7.01027922061	-5.7712908908	-1.2389883298
KL	5.25,7.25	144803	-4.43307298553	-4.48284662892	0.0497736433956
KM	5.25,7.25	28543	-6.05703546134	-5.98572128011	-0.0713141812379
KN	5.25,7.25	23357	-6.25755045844	-5.40313030539	-0.85442015305
KP	5.25,7.25	18940	-6.46717109574	-5.43629363888	-1.03087745685
KQ	5.25,7.25	19109	-6.45828775524	-5.47613764398	-0.982150111255
KR	5.25,7.25	21820	-6.32562020309	-5.16834902214	-1.15727118095
KS	5.25,7.25	39520	-5.73164031062	-5.03224698747	-0.699393323141
KT	5.25,7.25	39693	-5.72727233377	-5.08190319917	-0.645369134594
KV	5.25,7.25	101935	-4.78411182825	-4.74475395231	-0.0393578759318
KW	5.25,7.25	20398	-6.39301032667	-6.37310514678	-0.0199051798865
KY	5.25,7.25	54665	-5.40722353261	-5.42916470244	0.0219411698325
LL	5.25,7.25	231682	-3.96308144174	-4.58070263233	0.617621190591
LM	5.25,7.25	88224	-4.92856814865	-5.39042800449	0.461859855833
LN	5.25,7.25	102900	-4.77468954066	-4.80783702977	0.0331474891159
LP	5.25,7.25	103386	-4.76997762711	-4.84100036326	0.071022736158
LQ	5.25,7.25	108213	-4.72434567643	-4.88084436836	0.156498691937
LR	5.25,7.25	138994	-4.47401641676	-4.57305574652	0.0990393297536
LS	5.25,7.25	170404	-4.2702750952	-4.43695371186	0.166678616658
LT	5.25,7.25	167615	-4.28677750065	-4.48660992355	0.199832422909
LV	5.25,7.25	304059	-3.69122542197	-4.1494606767	0.458235254723
LW	5.25,7.25	57614	-5.35468158977	-5.77781187116	0.42313028139
LY	5.25,7.25	149853	-4.39879236991	-4.83387142682	0.435079056909
MM	5.25,7.25	11210	-6.99164094641	-7.58645926801	0.594818321602
MN	5.25,7.25	23160	-6.26602053079	-6.31071168095	0.0446911501646
MP	5.25,7.25	21837	-6.32484140469	-6.34387501445	0.0190336097571
MQ	5.25,7.25	20803	-6.37334997642	-6.38371901955	0.0103690431273
MR	5.25,7.25	27338	-6.10016950776	-6.0759303977	-0.0242391100634
MS	5.25,7.25	34350	-5.87184516483	-5.93982836304	0.0679831982124
MT	5.25,7.25	34474	-5.86824176676	-5.98948457474	0.121242807975
MV	5.25,7.25	62711	-5.26991031265	-5.65233532788	0.382425015232
MW	5.25,7.25	13100	-6.83583495329	-7.28068652235	0.444851569057
MY	5.25,7.25	32744	-5.9197274443	-6.33674607801	0.417018633701
NN	5.25,7.25	14221	-6.7537274381	-6.42127315396	-0.332454284142
NP	5.25,7.25	22324	-6.30278485057	-5.76128403973	-0.541500810836
NQ	5.25,7.25	20054	-6.41001854839	-5.80112804483	-0.608890503563
NR	5.25,7.25	23490	-6.25187238482	-5.49333942299	-0.758532961839
NS	5.25,7.25	41474	-5.68338045862	-5.35723738832	-0.326143070296
NT	5.25,7.25	38268	-5.76383314568	-5.40689360002	-0.356939545657
NV	5.25,7.25	75314	-5.086781143	-5.06974435316	-0.0170367898324
NW	5.25,7.25	17026	-6.57370559603	-6.69809554763	0.124389951596
NY	5.25,7.25	42650	-5.65541990956	-5.75415510329	0.0987351937331
PP	5.25,7.25	12651	-6.87071092006	-6.48759999856	-0.383110921508
PQ	5.25,7.25	17577	-6.54185595426	-5.83429137832	-0.707564575941
PR	5.25,7.25	24024	-6.22939385281	-5.52650275648	-0.702891096335
PS	5.25,7.25	36437	-5.81286244161	-5.39040072182	-0.422461719789
PT	5.25,7.25	35263	-5.8456129279	-5.44005693352	-0.405555994383
PV	5.25,7.25	74507	-5.09755410279	-5.10290768666	0.00535358386467
PW	5.25,7.25	19508	-6.43762254565	-6.73125888112	0.293636335475
PY	5.25,7.25	43944	-5.62553108745	-5.78731843678	0.161787349329
QQ	5.25,7.25	9035	-7.20734125945	-6.56728823007	-0.640053029378
QR	5.25,7.25	22119	-6.31201021582	-5.56634676158	-0.745663454243
QS	5.25,7.25	31932	-5.94483854171	-5.43024472691	-0.514593814797
QT	5.25,7.25	32472	-5.92806900396	-5.47990093861	-0.448168065345
QV	5.25,7.25	69766	-5.16330039842	-5.14275169175	-0.0205487066638
QW	5.25,7.25	17634	-6.53861832683	-6.77110288622	0.232484559391
QY	5.25,7.25	38241	-5.76453894503	-5.82716244188	0.0626234968555
RR	5.25,7.25	14827	-6.71199734046	-5.95170948527	-0.760287855193
RS	5.25,7.25	41669	-5.67868973643	-5.12245610507	-0.556233631359
RT	5.25,7.25	42877	-5.65011163187	-5.17211231677	-0.477999315098
RV	5.25,7.25	95573	-4.84855683011	-4.83496306991	-0.0135937601961
RW	5.25,7.25	23691	-6.24335195431	-6.46331426438	0.219962310064
RY	5.25,7.25	52120	-5.45489843124	-5.51937382004	0.0644753887983
SS	5.25,7.25	37203	-5.79205778031	-5.67950488596	-0.112552894343
ST	5.25,7.25	59980	-5.31443601017	-5.03601028211	-0.278425728068
SV	5.25,7.25	120418	-4.61747816013	-4.69886103525	0.0813828751143
SW	5.25,7.25	25001	-6.18953135943	-6.32721222971	0.137680870287
SY	5.25,7.25	60453	-5.30658097987	-5.38327178537	0.0766908055005
TT	5.25,7.25	30897	-5.97778809168	-5.77881749442	-0.198970597266
TV	5.25,7.25	130293	-4.53866142299	-4.74851724695	0.20985582396
TW	5.25,7.25	24668	-6.20294032637	-6.37686844141	0.173928115047
TY	5.25,7.25	62634	-5.27113892184	-5.43292799707	0.161789075233
VV	5.25,7.25	123308	-4.59376189303	-5.10451790741	0.51075601438
VW	5.25,7.25	41752	-5.67669982915	-6.03971919455	0.3630193654
VY	5.25,7.25	107371	-4.7321570565	-5.09577875021	0.363621693711
WW	5.25,7.25	5825	-7.64628818404	-8.36123146378	0.714943279732
WY	5.25,7.25	25777	-6.15896456203	-6.72412994468	0.565165382647
YY	5.25,7.25	32780	-5.91862861018	-6.47334208699	0.554713476814
AA	6.25,8.25	70221	-4.73028583071	-5.05605802621	0.325772195497
AC	6.25,8.25	35575	-5.41029009833	-5.72845935145	0.318169253121
AD	6.25,8.25	31446	-5.53366145326	-5.00781713177	-0.525844321485
AE	6.25,8.25	34841	-5.43113838809	-4.87543427888	-0.555704109208
AF	6.25,8.25	87147	-4.51433689434	-4.69220410967	0.177867215325
AG	6.25,8.25	60012	-4.88738870008	-4.84430011722	-0.0430885828658
AH	6.25,8.25	23688	-5.81696465151	-5.54818351636	-0.268781135144
AI	6.25,8.25	139383	-4.04470770264	-4.33389531772	0.28918761508
AK	6.25,8.25	26370	-5.70970624194	-5.02245385983	-0.68725238211
AL	6.25,8.25	221553	-3.58127140379	-3.8930096709	0.311738267111
AM	6.25,8.25	42651	-5.22888252198	-5.47524498278	0.246362460796
AN	6.25,8.25	27106	-5.68217813671	-5.26059186617	-0.421586270545
AP	6.25,8.25	27569	-5.66524128924	-5.30903317023	-0.356208119006
AQ	6.25,8.25	23237	-5.83618740643	-5.34819104538	-0.48799636105
AR	6.25,8.25	29823	-5.58665333441	-4.99417957284	-0.592473761566
AS	6.25,8.25	58796	-4.90785941693	-4.81831687986	-0.0895425370619
AT	6.25,8.25	53548	-5.00135479438	-4.79224768922	-0.209107105167
AV	6.25,8.25	153298	-3.94954950283	-4.17335985357	0.223810350743
AW	6.25,8.25	27320	-5.6743142076	-5.7656592868	0.0913450791914
AY	6.25,8.25	60772	-4.87480408572	-4.88896025037	0.0141561646425
CC	6.25,8.25	15640	-6.23210150719	-7.78717378517	1.55507227798
CD	6.25,8.25	11052	-6.57932183525	-6.37336944963	-0.205952385611
CE	6.25,8.25	11191	-6.56682335847	-6.24098659675	-0.325836761724
CF	6.25,8.25	26289	-5.71278264156	-6.05775642753	0.344973785963
CG	6.25,8.25	21255	-5.9253410805	-6.20985243508	0.284511354582
CH	6.25,8.25	10789	-6.60340614574	-6.91373583422	0.310329688487
CI	6.25,8.25	36878	-5.37431807502	-5.69944763558	0.325129560554
CK	6.25,8.25	9174	-6.76555984613	-6.38800617769	-0.377553668439
CL	6.25,8.25	57690	-4.92684939404	-5.25856198876	0.331712594726
CM	6.25,8.25	13439	-6.38377231474	-6.84079730064	0.4570249859
CN	6.25,8.25	10857	-6.59712320906	-6.62614418403	0.0290209749725
CP	6.25,8.25	10403	-6.63983901622	-6.67458548809	0.0347464718754
CQ	6.25,8.25	8532	-6.8381094417	-6.71374336325	-0.124366078451
CR	6.25,8.25	10351	-6.6448501089	-6.3597318907	-0.285118218201
CS	6.25,8.25	22565	-5.86553320903	-6.18386919773	0.318335988699
CT	6.25,8.25	17318	-6.13018681928	-6.15780000708	0.0276131877962
CV	6.25,8.25	38955	-5.31952610852	-5.53891217143	0.219386062909
CW	6.25,8.25	9350	-6.74655689901	-7.13121160466	0.384654705651
CY	6.25,8.25	20473	-5.96282629744	-6.25451256823	0.291686270793
DD	6.25,8.25	6479	-7.11336706484	-6.34588167561	-0.76748538923
DE	6.25,8.25	8688	-6.81999047911	-5.52034437707	-1.29964610205
DF	6.25,8.25	34886	-5.42984763971	-5.33711420785	-0.0927334318612
DG	6.25,8.25	19348	-6.01934418735	-5.4892102154	-0.530133971947
DH	6.25,8.25	10744	-6.60758578309	-6.19309361455	-0.414492168539
DI	6.25,8.25	50979	-5.05051945909	-4.9788054159	-0.0717140431869
DK	6.25,8.25	7544	-6.96118069698	-5.66736395801	-1.29381673896
DL	6.25,8.25	68733	-4.75170380906	-4.53791976909	-0.213784039978
DM	6.25,8.25	15158	-6.26340479692	-6.12015508096	-0.143249715953
DN	6.25,8.25	10784	-6.60386968814	-5.90550196435	-0.698367723786
DP	6.25,8.25	8657	-6.82356500007	-5.95394326841	-0.869621731658
DQ	6.25,8.25	7354	-6.98668885943	-5.99310114357	-0.993587715859
DR	6.25,8.25	12419	-6.46270568434	-5.63908967103	-0.823616013315
DS	6.25,8.25	18553	-6.06130174126	-5.46322697805	-0.598074763214
DT	6.25,8.25	19412	-6.01604181076	-5.4371577874	-0.578884023365
DV	6.25,8.25	52251	-5.02587421289	-4.81826995175	-0.207604261134
DW	6.25,8.25	10571	-6.62381883952	-6.41056938498	-0.213249454542
DY	6.25,8.25	25158	-5.75675730489	-5.53387034855	-0.222886956339
EE	6.25,8.25	5317	-7.31102400778	-6.081115069	-1.22990893879
EF	6.25,8.25	40570	-5.27890436509	-5.20473135496	-0.0741730101269
EG	6.25,8.25	15392	-6.24808534838	-5.35682736251	-0.891257985872
EH	6.25,8.25	11497	-6.53984711053	-6.06071076166	-0.479136348877
EI	6.25,8.25	55165	-4.97160454809	-4.84642256301	-0.125181985083
EK	6.25,8.25	7560	-6.95906205211	-5.53498110513	-1.42408094699
EL	6.25,8.25	81646	-4.57954041368	-4.4055369162	-0.174003497482
EM	6.25,8.25	16397	-6.18483485104	-5.98777222808	-0.197062622963
EN	6.25,8.25	8230	-6.87414722762	-5.77311911146	-1.10102811615
EP	6.25,8.25	7714	-6.93889638252	-5.82156041553	-1.11733596699
EQ	6.25,8.25	7383	-6.98275318223	-5.86071829068	-1.12203489155
ER	6.25,8.25	12957	-6.42029705966	-5.50670681814	-0.913590241523
ES	6.25,8.25	15998	-6.20946952788	-5.33084412516	-0.87862540272
ET	6.25,8.25	17396	-6.12569294757	-5.30477493451	-0.820918013061
EV	6.25,8.25	58218	-4.91773865704	-4.68588709887	-0.231851558169
EW	6.25,8.25	11185	-6.56735964736	-6.27818653209	-0.289173115274
EY	6.25,8.25	25145	-5.75727417268	-5.40148749566	-0.35578667702
FF	6.25,8.25	47003	-5.13172181285	-5.71465366503	0.582931852185
FG	6.25,8.25	43026	-5.22012865818	-5.17359719329	-0.0465314648859
FH	6.25,8.25	24776	-5.77205779964	-5.87748059244	0.105422792804
FI	6.25,8.25	121855	-4.17910142902	-4.66319239379	0.484090964774
FK	6.25,8.25	34314	-5.44637980815	-5.35175093591	-0.0946288722377
FL	6.25,8.25	191920	-3.72485462377	-4.22230674698	0.497452123204
FM	6.25,8.25	39316	-5.3103016816	-5.80454205886	0.494240377255
FN	6.25,8.25	29930	-5.58307192044	-5.58988894224	0.00681702180203
FP	6.25,8.25	28821	-5.62082895421	-5.63833024631	0.0175012920971
FQ	6.25,8.25	26641	-5.6994818598	-5.67748812146	-0.0219937383399
FR	6.25,8.25	35456	-5.41364075118	-5.32347664892	-0.0901641022632
FS	6.25,8.25	48548	-5.09938024306	-5.14761395594	0.0482337128787
FT	6.25,8.25	54847	-4.9773857517	-5.12154476529	0.144159013589
FV	6.25,8.25	130664	-4.10930409956	-4.50265692965	0.393352830092
FW	6.25,8.25	28861	-5.61944203953	-6.09495636287	0.475514323345
FY	6.25,8.25	67109	-4.77561507916	-5.21825732644	0.442642247287
GG	6.25,8.25	17933	-6.09529065134	-6.01884655057	-0.0764441007738
GH	6.25,8.25	14094	-6.3361840674	-6.02957659999	-0.306607467413
GI	6.25,8.25	62518	-4.84647872703	-4.81528840134	-0.0311903256859
GK	6.25,8.25	12277	-6.47420564911	-5.50384694346	-0.970358705651
GL	6.25,8.25	90973	-4.47137048311	-4.37440275453	-0.0969677285832
GM	6.25,8.25	20345	-5.96909806085	-5.95663806641	-0.0124599944465
GN	6.25,8.25	16376	-6.18611639395	-5.74198494979	-0.444131444154
GP	6.25,8.25	15976	-6.21084564619	-5.79042625386	-0.420419392335
GQ	6.25,8.25	12211	-6.47959605746	-5.82958412901	-0.650011928445
GR	6.25,8.25	15554	-6.23761540203	-5.47557265647	-0.762042745566
GS	6.25,8.25	33291	-5.47664615212	-5.29970996349	-0.176936188629
GT	6.25,8.25	27448	-5.66963993675	-5.27364077284	-0.395999163909
GV	6.25,8.25	68737	-4.75164561455	-4.6547529372	-0.0968926773516
GW	6.25,8.25	14163	-6.33130031207	-6.24705237042	-0.0842479416531
GY	6.25,8.25	31885	-5.51979756254	-5.37035333399	-0.149444228546
HH	6.25,8.25	7012	-7.03431027525	-7.42661965125	0.392309375998
HI	6.25,8.25	33215	-5.47893166119	-5.51917180049	0.0402401393001
HK	6.25,8.25	6021	-7.18667988382	-6.2077303426	-0.97894954122
HL	6.25,8.25	51053	-5.04906893351	-5.07828615368	0.0292172201687
HM	6.25,8.25	11654	-6.52628377359	-6.66052146555	0.134237691968
HN	6.25,8.25	8376	-6.85656276874	-6.44586834894	-0.410694419797
HP	6.25,8.25	8070	-6.89377976002	-6.494309653	-0.39947010702
HQ	6.25,8.25	7112	-7.02014974409	-6.53346752816	-0.486682215937
HR	6.25,8.25	9354	-6.746129183	-6.17945605562	-0.566673127387
HS	6.25,8.25	15144	-6.2643288284	-6.00359336264	-0.260735465762
HT	6.25,8.25	15140	-6.2645929943	-5.97752417199	-0.287068822309
HV	6.25,8.25	34808	-5.43208599689	-5.35863633634	-0.0734496605437
HW	6.25,8.25	8467	-6.84575698765	-6.95093576957	0.105178781922
HY	6.25,8.25	19045	-6.03512864238	-6.07423673314	0.0391080907646
II	6.25,8.25	104097	-4.33661008554	-4.99803448545	0.66142439991
IK	6.25,8.25	49844	-5.07303511423	-4.99344214396	-0.0795929702682
IL	6.25,8.25	292793	-3.30246736761	-3.86399795503	0.56153058742
IM	6.25,8.25	53794	-4.99677130552	-5.44623326691	0.449461961385
IN	6.25,8.25	40244	-5.28697231788	-5.23158015029	-0.0553921675826
IP	6.25,8.25	37552	-5.3562066032	-5.28002145436	-0.0761851488398
IQ	6.25,8.25	35784	-5.40443237618	-5.31917932951	-0.0852530466644
IR	6.25,8.25	44949	-5.17640472858	-4.96516785697	-0.211236871609
IS	6.25,8.25	69954	-4.73409535913	-4.78930516399	0.0552098048639
IT	6.25,8.25	78267	-4.62180718409	-4.76323597334	0.141428789256
IV	6.25,8.25	204723	-3.6602753964	-4.1443481377	0.484072741297
IW	6.25,8.25	35416	-5.41476954688	-5.73664757092	0.321878024045
IY	6.25,8.25	87097	-4.51491080221	-4.85994853449	0.345037732284
KK	6.25,8.25	1852	-8.36566710608	-6.37515523884	-1.99051186724
KL	6.25,8.25	67123	-4.77540648508	-4.55255649714	-0.222849987936
KM	6.25,8.25	13393	-6.3872010599	-6.13479180902	-0.25240925088
KN	6.25,8.25	6180	-7.16061497084	-5.92013869241	-1.24047627843
KP	6.25,8.25	5676	-7.24568648301	-5.96857999647	-1.27710648654
KQ	6.25,8.25	5473	-7.28210633014	-6.00773787163	-1.27436845852
KR	6.25,8.25	5373	-7.30054683056	-5.65372639908	-1.64682043148
KS	6.25,8.25	12555	-6.4518142497	-5.47786370611	-0.973950543591
KT	6.25,8.25	13193	-6.4022468564	-5.45179451546	-0.950452340948
KV	6.25,8.25	48315	-5.10419117085	-4.83290667981	-0.271284491043
KW	6.25,8.25	8807	-6.80638638248	-6.42520611304	-0.381180269447
KY	6.25,8.25	20998	-5.93750604721	-5.54850707661	-0.388998970605
LL	6.25,8.25	247302	-3.47132298047	-4.11626187156	0.644938891094
LM	6.25,8.25	85868	-4.52912200891	-5.00534762009	0.476225611178
LN	6.25,8.25	57357	-4.93263834864	-4.79069450348	-0.141943845158
LP	6.25,8.25	58475	-4.91333392984	-4.83913580754	-0.0741981222923
LQ	6.25,8.25	56393	-4.94958820498	-4.8782936827	-0.0712945222828
LR	6.25,8.25	72051	-4.70455904071	-4.52428221015	-0.180276830552
LS	6.25,8.25	104461	-4.3331194463	-4.34841951718	0.0153000708753
LT	6.25,8.25	112732	-4.2569199219	-4.32235032653	0.0654304046267
LV	6.25,8.25	308273	-3.25094748828	-3.70346249088	0.452515002599
LW	6.25,8.25	57975	-4.92192135916	-5.29576192411	0.373840564943
LY	6.25,8.25	130867	-4.10775170201	-4.41906288768	0.311311185666
MM	6.25,8.25	9631	-6.71694617973	-7.2807417068	0.563795527073
MN	6.25,8.25	12862	-6.42765601459	-6.37292981536	-0.0547261992357
MP	6.25,8.25	12492	-6.45684480289	-6.42137111942	-0.0354736834636
MQ	6.25,8.25	11226	-6.56370072579	-6.46052899458	-0.103171731211
MR	6.25,8.25	13911	-6.34925334823	-6.10651752203	-0.242735826196
MS	6.25,8.25	21193	-5.92826230383	-5.93065482906	0.00239252522322
MT	6.25,8.25	22672	-5.86080255936	-5.90458563841	0.0437830790478
MV	6.25,8.25	57891	-4.92337131022	-5.28569780276	0.362326492538
MW	6.25,8.25	11846	-6.50994298445	-6.87799723599	0.368054251534
MY	6.25,8.25	25818	-5.73086131922	-6.00129819956	0.270436880336
NN	6.25,8.25	4790	-7.41540283088	-6.8514332338	-0.563969597085
NP	6.25,8.25	8431	-6.85001785337	-6.20671800281	-0.643299850557
NQ	6.25,8.25	7249	-7.00106971399	-6.24587587796	-0.755193836025
NR	6.25,8.25	8356	-6.85895339861	-5.89186440542	-0.967088993192
NS	6.25,8.25	16917	-6.15361420881	-5.71600171244	-0.437612496371
NT	6.25,8.25	15974	-6.21097084181	-5.68993252179	-0.521038320018
NV	6.25,8.25	40135	-5.28968447072	-5.07104468615	-0.218639784574
NW	6.25,8.25	9254	-6.75687735182	-6.66334411937	-0.0935332324487
NY	6.25,8.25	20858	-5.94419567461	-5.78664508294	-0.157550591662
PP	6.25,8.25	5332	-7.30820683999	-6.94831630623	-0.359890533763
PQ	6.25,8.25	6539	-7.10414899373	-6.29431718203	-0.809831811701
PR	6.25,8.25	8200	-6.87779908804	-5.94030570948	-0.937493378552
PS	6.25,8.25	15175	-6.26228390536	-5.76444301651	-0.497840888854
PT	6.25,8.25	15324	-6.25251301547	-5.73837382586	-0.514139189611
PV	6.25,8.25	41130	-5.26519546006	-5.11948599021	-0.145709469851
PW	6.25,8.25	10264	-6.65329061499	-6.71178542344	0.0584948084437
PY	6.25,8.25	22575	-5.865090143	-5.83508638701	-0.0300037559944
QQ	6.25,8.25	3538	-7.71837164657	-7.02663244865	-0.691739197922
QR	6.25,8.25	7360	-6.98587330957	-5.97946358464	-1.00640972493
QS	6.25,8.25	12578	-6.44998398618	-5.80360089166	-0.646383094525
QT	6.25,8.25	13118	-6.40794790943	-5.77753170101	-0.630416208424
QV	6.25,8.25	37338	-5.36192166749	-5.15864386537	-0.203277802125
QW	6.25,8.25	9629	-6.71715386405	-6.75094329859	0.0337894345421
QY	6.25,8.25	18687	-6.05410514737	-5.87424426216	-0.179860885204
RR	6.25,8.25	4719	-7.43033632956	-6.31860645934	-1.11172987022
RS	6.25,8.25	16121	-6.20181047241	-5.44958941912	-0.752221053296
RT	6.25,8.25	16580	-6.1737360926	-5.42352022847	-0.750215864132
RV	6.25,8.25	51070	-5.04873600165	-4.80463239282	-0.244103608823
RW	6.25,8.25	11540	-6.53611398123	-6.39693182605	-0.139182155179
RY	6.25,8.25	25687	-5.73594821496	-5.52023278962	-0.21571542534
SS	6.25,8.25	16287	-6.19156599871	-5.96687991763	-0.224686081082
ST	6.25,8.25	27842	-5.65538757034	-5.24765753549	-0.40773003485
SV	6.25,8.25	70849	-4.7213823906	-4.62876969985	-0.0926126907493
SW	6.25,8.25	15371	-6.24945062506	-6.22106913307	-0.0283814919936
SY	6.25,8.25	34526	-5.44022057891	-5.34437009664	-0.0958504822699
TT	6.25,8.25	14390	-6.31539972141	-5.91474138166	-0.400658339748
TV	6.25,8.25	83087	-4.56204499071	-4.6027005092	0.0406555184876
TW	6.25,8.25	16403	-6.18446899738	-6.19499994242	0.0105309450447
TY	6.25,8.25	35375	-5.41592788634	-5.31830090599	-0.0976269803501
VV	6.25,8.25	121390	-4.1829247394	-4.67696300796	0.494038268559
VW	6.25,8.25	39870	-5.29630908091	-5.57611210678	0.279803025863
VY	6.25,8.25	89457	-4.4881751794	-4.69941307035	0.211237890944
WW	6.25,8.25	5700	-7.24146706747	-7.86157422191	0.620107154447
WY	6.25,8.25	21436	-5.91686149067	-6.29171250357	0.374851012899
YY	6.25,8.25	23419	-5.8283855836	-6.10816709863	0.279781515034
AA	7.25,inf	56002	-4.68884106418	-4.88697999974	0.198138935563
AC	7.25,inf	28742	-5.35586900091	-5.44418900637	0.0883200054598
AD	7.25,inf	16238	-5.92687429412	-5.33163788971	-0.595236404411
AE	7.25,inf	15884	-5.94891615529	-5.32267798906	-0.626238166237
AF	7.25,inf	78826	-4.34698557688	-4.36055030256	0.0135647256816
AG	7.25,inf	49650	-4.80923007807	-4.82638500696	0.0171549288854
AH	7.25,inf	15125	-5.99787946465	-5.60305387285	-0.394825591794
AI	7.25,inf	128387	-3.85917932854	-4.00443135799	0.145252029448
AK	7.25,inf	9251	-6.48949681477	-5.51603663943	-0.973460175341
AL	7.25,inf	188086	-3.47732916352	-3.58942915525	0.112099991726
AM	7.25,inf	36505	-5.11677923106	-5.24117556712	0.124396336067
AN	7.25,inf	15070	-6.00152245593	-5.52362402737	-0.477898428553
AP	7.25,inf	17133	-5.87322204021	-5.49710554274	-0.376116497478
AQ	7.25,inf	11154	-6.3024302906	-5.648779958	-0.653650332597
AR	7.25,inf	11952	-6.23332984017	-5.32771694509	-0.905612895083
AS	7.25,inf	37911	-5.07898716112	-4.91638141248	-0.162605748644
AT	7.25,inf	37371	-5.09333346599	-4.8849901314	-0.20834333459
AV	7.25,inf	140831	-3.76666787862	-3.88618113586	0.119513257239
AW	7.25,inf	20816	-5.67850654679	-5.49101359885	-0.187492947947
AY	7.25,inf	41061	-4.99916970267	-4.71582647004	-0.283343232631
CC	7.25,inf	9281	-6.48625916895	-7.38771808282	0.901458913869
CD	7.25,inf	5492	-7.01093598066	-6.58199980059	-0.428936180068
CE	7.25,inf	4891	-7.12683168701	-6.57303989994	-0.553791787072
CF	7.25,inf	25890	-5.4603716748	-5.61091221344	0.150540538641
CG	7.25,inf	15489	-5.974098374	-6.07674691784	0.102648543837
CH	7.25,inf	6557	-6.83369528728	-6.85341578373	0.0197204964474
CI	7.25,inf	35685	-5.13949803614	-5.25479326886	0.115295232724
CK	7.25,inf	3009	-7.61262067092	-6.76639855031	-0.846222120605
CL	7.25,inf	52331	-4.75663953886	-4.83979106613	0.0831515272607
CM	7.25,inf	12071	-6.22342258684	-6.491537478	0.268114891155
CN	7.25,inf	5493	-7.0107539142	-6.77398593825	-0.236767975953
CP	7.25,inf	6251	-6.88148701761	-6.74746745361	-0.134019564002
CQ	7.25,inf	3887	-7.35659081669	-6.89914186888	-0.457448947817
CR	7.25,inf	4295	-7.25677691313	-6.57807885597	-0.678698057161
CS	7.25,inf	14256	-6.05705059784	-6.16674332335	0.109692725517
CT	7.25,inf	11144	-6.30332723209	-6.13535204228	-0.167975189808
CV	7.25,inf	37912	-5.0789607839	-5.13654304674	0.0575822628372
CW	7.25,inf	9086	-6.50749370123	-6.74137550972	0.233881808497
CY	7.25,inf	14121	-6.06656541748	-5.96618838091	-0.100377036564
DD	7.25,inf	3103	-7.5818590831	-7.16261372211	-0.419245360985
DE	7.25,inf	3815	-7.37528780383	-6.46048878328	-0.914799020551
DF	7.25,inf	17314	-5.86271304577	-5.49836109678	-0.364351948987
DG	7.25,inf	10734	-6.34081219481	-5.96419580118	-0.376616393633
DH	7.25,inf	6175	-6.89371958605	-6.74086466707	-0.152854918978
DI	7.25,inf	28481	-5.36499127028	-5.14224215221	-0.222749118071
DK	7.25,inf	3021	-7.60864056616	-6.65384743365	-0.954793132507
DL	7.25,inf	33176	-5.21240174562	-4.72723994947	-0.485161796153
DM	7.25,inf	7929	-6.64370154427	-6.37898636134	-0.264715182932
DN	7.25,inf	4484	-7.21371296335	-6.66143482159	-0.552278141762
DP	7.25,inf	3870	-7.36097396152	-6.63491633695	-0.726057624568
DQ	7.25,inf	3279	-7.5266899707	-6.78659075222	-0.740099218483
DR	7.25,inf	5171	-7.07116237515	-6.46552773931	-0.605634635841
DS	7.25,inf	8973	-6.52000840025	-6.05419220669	-0.465816193554
DT	7.25,inf	9416	-6.47181809861	-6.02280092562	-0.449017172986
DV	7.25,inf	28442	-5.36636154261	-5.02399193008	-0.342369612536
DW	7.25,inf	5380	-7.03154009439	-6.62882439307	-0.402715701325
DY	7.25,inf	12006	-6.22882194373	-5.85363726425	-0.37518467948
EE	7.25,inf	2829	-7.67430517624	-7.14469376151	-0.529611414731
EF	7.25,inf	19443	-5.74674136045	-5.48940119613	-0.257340164322
EG	7.25,inf	7991	-6.63591256017	-5.95523590052	-0.68067665965
EH	7.25,inf	7189	-6.74167638856	-6.73190476642	-0.00977162214585
EI	7.25,inf	25932	-5.45875074125	-5.13328225155	-0.3254684897
EK	7.25,inf	2818	-7.67820105509	-6.644887533	-1.03331352209
EL	7.25,inf	33747	-5.19533694409	-4.71828004881	-0.477056895273
EM	7.25,inf	7339	-6.721025875	-6.37002646069	-0.350999414314
EN	7.25,inf	3608	-7.43107486636	-6.65247492094	-0.778599945427
EP	7.25,inf	3717	-7.40131157725	-6.6259564363	-0.77535514095
EQ	7.25,inf	3472	-7.46949767177	-6.77763085156	-0.691866820203
ER	7.25,inf	5629	-6.98629666208	-6.45656783865	-0.529728823428
ES	7.25,inf	7304	-6.72580632527	-6.04523230604	-0.680574019232
ET	7.25,inf	8453	-6.57970706062	-6.01384102497	-0.565866035652
EV	7.25,inf	26046	-5.45436426302	-5.01503202942	-0.439332233596
EW	7.25,inf	5876	-6.94335221025	-6.61986449241	-0.323487717842
EY	7.25,inf	12137	-6.21796983044	-5.8446773636	-0.373292466841
FF	7.25,inf	57567	-4.66127898171	-5.22042745232	0.559148470611
FG	7.25,inf	36337	-5.12139196266	-4.99310821403	-0.128283748636
FH	7.25,inf	17918	-5.82842267439	-5.76977707992	-0.0586455944659
FI	7.25,inf	147138	-3.72285754665	-4.17115456506	0.448297018409
FK	7.25,inf	13462	-6.11435756698	-5.6827598465	-0.431597720472
FL	7.25,inf	210244	-3.36595970757	-3.75615236232	0.390192654745
FM	7.25,inf	42837	-4.95682625345	-5.40789877419	0.451072520745
FN	7.25,inf	16319	-5.92189839542	-5.69034723444	-0.231551160972
FP	7.25,inf	17924	-5.82808787164	-5.66382874981	-0.164259121835
FQ	7.25,inf	14258	-6.05691031587	-5.81550316507	-0.241407150799
FR	7.25,inf	16904	-5.88667818825	-5.49444015216	-0.39223803609
FS	7.25,inf	34157	-5.18326092551	-5.08310461955	-0.100156305969
FT	7.25,inf	38992	-5.05087197168	-5.05171333847	0.000841366790367
FV	7.25,inf	144381	-3.74177282971	-4.05290434293	0.311131513219
FW	7.25,inf	30837	-5.28551320087	-5.65773680592	0.372223605052
FY	7.25,inf	59087	-4.63521753451	-4.88254967711	0.247332142598
GG	7.25,inf	14089	-6.06883411749	-6.15210087339	0.0832667558996
GH	7.25,inf	10171	-6.39468793492	-6.23561178432	-0.159076150604
GI	7.25,inf	56914	-4.672687112	-4.63698926945	-0.0356978425503
GK	7.25,inf	5138	-7.07756456988	-6.1485945509	-0.928970018979
GL	7.25,inf	75167	-4.39451616371	-4.22198706671	-0.172529096997
GM	7.25,inf	17136	-5.87304695486	-5.87373347859	0.000686523728169
GN	7.25,inf	9452	-6.46800210924	-6.15618193884	-0.311820170403
GP	7.25,inf	10799	-6.33477493131	-6.1296634542	-0.205111477114
GQ	7.25,inf	6454	-6.84952837493	-6.28133786946	-0.568190505471
GR	7.25,inf	7632	-6.68187853442	-5.96027485655	-0.721603677864
GS	7.25,inf	22894	-5.58335360107	-5.54893932394	-0.0344142771284
GT	7.25,inf	20132	-5.71191787965	-5.51754804287	-0.194369836785
GV	7.25,inf	63213	-4.56771849236	-4.51873904732	-0.0489794450388
GW	7.25,inf	10363	-6.37598669836	-6.12357151031	-0.252415188051
GY	7.25,inf	21796	-5.63250200184	-5.3483843815	-0.284117620344
HH	7.25,inf	5153	-7.07464939922	-7.70545125683	0.630801857615
HI	7.25,inf	22441	-5.60333882562	-5.41365813535	-0.189680690276
HK	7.25,inf	2150	-7.94876062642	-6.92526341679	-1.02349720963
HL	7.25,inf	31747	-5.25643023588	-4.99865593261	-0.257774303272
HM	7.25,inf	7654	-6.67900008156	-6.65040234448	-0.028597737079
HN	7.25,inf	4823	-7.14083232748	-6.93285080473	-0.207981522746
HP	7.25,inf	5019	-7.10099775789	-6.90633232009	-0.194665437797
HQ	7.25,inf	3911	-7.35043537279	-7.05800673536	-0.292428637433
HR	7.25,inf	4401	-7.23239668073	-6.73694372245	-0.495452958287
HS	7.25,inf	9662	-6.44602780243	-6.32560818983	-0.120419612598
HT	7.25,inf	9040	-6.51256929416	-6.29421690876	-0.2183523854
HV	7.25,inf	23489	-5.55769624211	-5.29540791322	-0.262288328889
HW	7.25,inf	6040	-6.91582445662	-6.90024037621	-0.015584080412
HY	7.25,inf	12291	-6.20536118133	-6.12505324739	-0.0803079339375
II	7.25,inf	121518	-3.91416606861	-4.50818753716	0.594021468549
IK	7.25,inf	19045	-5.76742386863	-5.32664090193	-0.440782966706
IL	7.25,inf	319377	-2.94785624539	-3.40003341774	0.452177172347
IM	7.25,inf	55523	-4.69743111924	-5.05177982962	0.354348710373
IN	7.25,inf	22956	-5.58064912832	-5.33422828987	-0.246420838451
IP	7.25,inf	26186	-5.44900355176	-5.30770980523	-0.14129374653
IQ	7.25,inf	17904	-5.82920431699	-5.45938422049	-0.369820096501
IR	7.25,inf	21169	-5.66169062119	-5.13832120758	-0.523369413605
IS	7.25,inf	48069	-4.84159098987	-4.72698567497	-0.114605314901
IT	7.25,inf	56118	-4.68677185188	-4.69559439389	0.00882254201153
IV	7.25,inf	224657	-3.29965367395	-3.69678539835	0.397131724401
IW	7.25,inf	35092	-5.1562552843	-5.30161786134	0.145362577042
IY	7.25,inf	72944	-4.42453644509	-4.52643073253	0.101894287436
KK	7.25,inf	466	-9.47779811342	-7.53141483768	-1.94638327574
KL	7.25,inf	22959	-5.58051845207	-4.91163869919	-0.66887975288
KM	7.25,inf	4981	-7.10859779447	-6.56338511106	-0.545212683411
KN	7.25,inf	2094	-7.97515235612	-6.84583357131	-1.1293187848
KP	7.25,inf	2007	-8.01758739875	-6.81931508667	-1.19827231208
KQ	7.25,inf	1915	-8.06451084593	-6.97098950194	-1.09352134399
KR	7.25,inf	1574	-8.26060831857	-6.64992648903	-1.61068182954
KS	7.25,inf	4446	-7.22222365302	-6.23859095641	-0.983632696607
KT	7.25,inf	4964	-7.11201660122	-6.20719967534	-0.904816925881
KV	7.25,inf	18310	-5.80678110988	-5.2083906798	-0.59839043008
KW	7.25,inf	3873	-7.36019906803	-6.81322314279	-0.546975925245
KY	7.25,inf	7364	-6.71762520519	-6.03803601397	-0.679589191219
LL	7.25,inf	252668	-3.18215209456	-3.678181523	0.496029428442
LM	7.25,inf	81415	-4.31466893735	-4.63677762688	0.322108689529
LN	7.25,inf	29875	-5.31720645831	-4.91922608713	-0.397980371185
LP	7.25,inf	37090	-5.10088107706	-4.89270760249	-0.208173474573
LQ	7.25,inf	26705	-5.42937765477	-5.04438201775	-0.384995637018
LR	7.25,inf	30031	-5.31199828709	-4.72331900484	-0.588679282246
LS	7.25,inf	67733	-4.4986549628	-4.31198347223	-0.18667149057
LT	7.25,inf	77512	-4.36379570548	-4.28059219116	-0.0832035143255
LV	7.25,inf	317076	-2.95508697579	-3.28178319561	0.326696219825
LW	7.25,inf	55570	-4.69658498127	-4.8866156586	0.190030677329
LY	7.25,inf	101714	-4.0920635152	-4.11142852979	0.0193650145894
MM	7.25,inf	9123	-6.5034297712	-6.98168753239	0.478257761192
MN	7.25,inf	7523	-6.69626347399	-6.570972499	-0.125290974984
MP	7.25,inf	8191	-6.61119247803	-6.54445401436	-0.0667384636664
MQ	7.25,inf	5654	-6.98186520929	-6.69612842963	-0.285736779664
MR	7.25,inf	6595	-6.82791668239	-6.37506541672	-0.452851265676
MS	7.25,inf	14855	-6.01589195965	-5.9637298841	-0.052162075545
MT	7.25,inf	15926	-5.94627547473	-5.93233860303	-0.0139368716984
MV	7.25,inf	56036	-4.68823412723	-4.93352960749	0.245295480257
MW	7.25,inf	11274	-6.2917292789	-6.53836207048	0.246632791571
MY	7.25,inf	20684	-5.68486801403	-5.76317494166	0.078306927634
NN	7.25,inf	2394	-7.84126286143	-7.54658977711	-0.294673084323
NP	7.25,inf	4677	-7.17157158982	-6.82690247461	-0.344669115206
NQ	7.25,inf	3560	-7.4444679237	-6.97857688988	-0.465891033822
NR	7.25,inf	3445	-7.4773045641	-6.65751387697	-0.81979068713
NS	7.25,inf	9044	-6.51212691415	-6.24617834435	-0.265948569794
NT	7.25,inf	8606	-6.56176883415	-6.21478706328	-0.346981770867
NV	7.25,inf	22175	-5.61526294037	-5.21597806774	-0.399284872631
NW	7.25,inf	5443	-7.01989808911	-6.82081053073	-0.199087558387
NY	7.25,inf	10443	-6.36829657107	-6.04562340191	-0.322673169153
PP	7.25,inf	2677	-7.72953170403	-7.49355224158	-0.235979462449
PQ	7.25,inf	2998	-7.61628306888	-6.95205840524	-0.664224663643
PR	7.25,inf	3267	-7.53035633594	-6.63099539233	-0.899360943614
PS	7.25,inf	8332	-6.59412494517	-6.21965985972	-0.374465085449
PT	7.25,inf	9299	-6.48432160107	-6.18826857864	-0.296053022425
PV	7.25,inf	28749	-5.35562548453	-5.1894595831	-0.166165901435
PW	7.25,inf	5699	-6.97393774771	-6.79429204609	-0.179645701623
PY	7.25,inf	11695	-6.25506706853	-6.01910491728	-0.235962151252
QQ	7.25,inf	1688	-8.19068407239	-7.79690452319	-0.3937795492
QR	7.25,inf	2819	-7.67784625643	-6.7826698076	-0.895176448837
QS	7.25,inf	5794	-6.95740556922	-6.37133427498	-0.586071294236
QT	7.25,inf	6273	-6.87797375945	-6.33994299391	-0.538030765543
QV	7.25,inf	19394	-5.74926472868	-5.34113399836	-0.408130730318
QW	7.25,inf	5188	-7.06788020211	-6.94596646135	-0.121913740758
QY	7.25,inf	9171	-6.49818213699	-6.17077933254	-0.327402804447
RR	7.25,inf	1856	-8.0958048342	-7.15477176298	-0.941033071215
RS	7.25,inf	6759	-6.80335351845	-6.05027126207	-0.753082256374
RT	7.25,inf	6951	-6.77534293445	-6.018879981	-0.756462953448
RV	7.25,inf	23087	-5.57495878001	-5.02007098545	-0.554887794559
RW	7.25,inf	5467	-7.01549844865	-6.62490344844	-0.390595000209
RY	7.25,inf	11131	-6.30449446005	-5.84971631963	-0.454778140422
SS	7.25,inf	9665	-6.4457173559	-6.33209469906	-0.11362265684
ST	7.25,inf	17174	-5.87083185631	-5.60754444838	-0.263287407931
SV	7.25,inf	49893	-4.80434775621	-4.60873545284	-0.195612303368
SW	7.25,inf	10194	-6.39242915665	-6.21356791583	-0.178861240818
SY	7.25,inf	19800	-5.72854653086	-5.43838078702	-0.290165743847
TT	7.25,inf	9302	-6.48399903776	-6.26931177259	-0.214687265174
TV	7.25,inf	59696	-4.62496345209	-4.57734417177	-0.0476192803192
TW	7.25,inf	11137	-6.30395557015	-6.18217663475	-0.121778935399
TY	7.25,inf	20623	-5.68782151074	-5.40698950594	-0.2808320048
VV	7.25,inf	128326	-3.85965456743	-4.2716865647	0.412031997262
VW	7.25,inf	36708	-5.11123375361	-5.18336763921	0.072133885604
VY	7.25,inf	72353	-4.43267155125	-4.4081805104	-0.0244910408463
WW	7.25,inf	5180	-7.06942341229	-7.48136822583	0.411944813533
WY	7.25,inf	17606	-5.84598871553	-6.01301297339	0.167024257862
YY	7.25,inf	15468	-5.97545509482	-5.93098267183	-0.0444724229929
