CLIQUE	DEPTH	OBS	LOG_OBS	LOG_EXP	LOG_ODD
AA	-inf,5.25	159604	-4.9510648493	-5.24408188843	0.293017039135
AC	-inf,5.25	34461	-6.48393234683	-6.45563427581	-0.0282980710124
AD	-inf,5.25	222953	-4.61679960974	-4.6080914307	-0.00870817903838
AE	-inf,5.25	243355	-4.52923931405	-4.39343279842	-0.135806515634
AF	-inf,5.25	82181	-5.61483646487	-5.43518100346	-0.179655461405
AG	-inf,5.25	253123	-4.48988506006	-4.53741755449	0.0475324944223
AH	-inf,5.25	77726	-5.67057077492	-5.55987143176	-0.110699343162
AI	-inf,5.25	128954	-5.16430484504	-5.08230865172	-0.0819961933176
AK	-inf,5.25	194350	-4.75409993936	-4.56705894804	-0.187040991317
AL	-inf,5.25	246321	-4.51712503329	-4.57208182509	0.0549567918029
AM	-inf,5.25	64594	-5.85563906944	-5.87966444395	0.0240253745103
AN	-inf,5.25	146839	-5.03442384819	-4.95377146722	-0.0806523809649
AP	-inf,5.25	165564	-4.91440276964	-4.95092412035	0.0365213507058
AQ	-inf,5.25	144121	-5.05310737214	-5.03339063966	-0.0197167324809
AR	-inf,5.25	192279	-4.76481315439	-4.71945440505	-0.0453587493453
AS	-inf,5.25	235767	-4.56091656746	-4.64878216929	0.0878656018284
AT	-inf,5.25	183597	-4.81101745847	-4.77435139486	-0.0366660636141
AV	-inf,5.25	178908	-4.83688888942	-4.80989506715	-0.0269938222708
AW	-inf,5.25	33443	-6.51391809955	-6.37129454728	-0.142623552267
AY	-inf,5.25	87076	-5.55697929612	-5.34576315135	-0.211216144769
CC	-inf,5.25	11853	-7.55117959656	-9.05350320983	1.50232361327
CD	-inf,5.25	34677	-6.47768395368	-6.51279387336	0.0351099196818
CE	-inf,5.25	34197	-6.49162267574	-6.29813524107	-0.193487434663
CF	-inf,5.25	11686	-7.56536905253	-7.33988344612	-0.22548560641
CG	-inf,5.25	43622	-6.24819898641	-6.44211999714	0.193921010732
CH	-inf,5.25	15060	-7.31171837429	-7.46457387441	0.152855500129
CI	-inf,5.25	18317	-7.11593100628	-6.98701109437	-0.128919911906
CK	-inf,5.25	31674	-6.56826444159	-6.4717613907	-0.0965030508906
CL	-inf,5.25	30195	-6.6160842489	-6.47678426775	-0.13929998115
CM	-inf,5.25	9040	-7.82210142225	-7.7843668866	-0.0377345356489
CN	-inf,5.25	26871	-6.7327129585	-6.85847390988	0.125760951379
CP	-inf,5.25	30559	-6.60410135541	-6.855626563	0.251525207597
CQ	-inf,5.25	21027	-6.97795327047	-6.93809308231	-0.0398601881579
CR	-inf,5.25	27047	-6.72618450325	-6.6241568477	-0.102027655542
CS	-inf,5.25	41608	-6.29546814019	-6.55348461194	0.258016471754
CT	-inf,5.25	28621	-6.66961988254	-6.67905383751	0.00943395497596
CV	-inf,5.25	23737	-6.85672558446	-6.71459750981	-0.142128074652
CW	-inf,5.25	5269	-8.36192000543	-8.27599698993	-0.0859230154967
CY	-inf,5.25	14339	-7.36077749892	-7.25046559401	-0.11031190492
DD	-inf,5.25	102312	-5.39573362853	-5.35840125263	-0.0373323758965
DE	-inf,5.25	235921	-4.56026359343	-4.45059239596	-0.109671197472
DF	-inf,5.25	92915	-5.49207549993	-5.49234060101	0.000265101074244
DG	-inf,5.25	211055	-4.67164183364	-4.59457715203	-0.077064681611
DH	-inf,5.25	86261	-5.56638301265	-5.61703102931	0.0506480166589
DI	-inf,5.25	140227	-5.08049805857	-5.13946824926	0.0589701906911
DK	-inf,5.25	259852	-4.46364835848	-4.62421854559	0.160570187103
DL	-inf,5.25	226504	-4.60099799185	-4.62924142264	0.0282434307919
DM	-inf,5.25	62993	-5.88073698755	-5.9368240415	0.0560870539447
DN	-inf,5.25	158353	-4.95893387848	-5.01093106477	0.0519971862878
DP	-inf,5.25	159100	-4.95422766131	-5.0080837179	0.053856056581
DQ	-inf,5.25	140656	-5.07744340355	-5.0905502372	0.0131068336553
DR	-inf,5.25	221453	-4.6235502193	-4.77661400259	0.15306378329
DS	-inf,5.25	212315	-4.66568957571	-4.70594176683	0.0402521911208
DT	-inf,5.25	185447	-4.80099146972	-4.83151099241	0.0305195226854
DV	-inf,5.25	175650	-4.85526721795	-4.8670546647	0.0117874467521
DW	-inf,5.25	39102	-6.35758698008	-6.42845414482	0.070867164745
DY	-inf,5.25	112733	-5.2987384057	-5.4029227489	0.1041843432
EE	-inf,5.25	162557	-4.93273188716	-4.92908340004	-0.00364848712249
EF	-inf,5.25	109363	-5.32908797228	-5.27768196872	-0.0514060035658
EG	-inf,5.25	224861	-4.60827816313	-4.37991851974	-0.228359643391
EH	-inf,5.25	99612	-5.4224779574	-5.40237239702	-0.0201055603789
EI	-inf,5.25	168202	-4.89859495858	-4.92480961698	0.0262146583936
EK	-inf,5.25	336676	-4.2046395531	-4.4095599133	0.204920360198
EL	-inf,5.25	280911	-4.38572270347	-4.41458279035	0.02886008688
EM	-inf,5.25	76205	-5.69033351932	-5.72216540921	0.031831889888
EN	-inf,5.25	177223	-4.84635177007	-4.79627243248	-0.0500793375911
EP	-inf,5.25	174038	-4.86448693048	-4.79342508561	-0.0710618448748
EQ	-inf,5.25	169337	-4.89186978444	-4.87589160492	-0.0159781795217
ER	-inf,5.25	294335	-4.33904202222	-4.56195537031	0.222913348083
ES	-inf,5.25	226645	-4.60037567996	-4.49128313454	-0.109092545416
ET	-inf,5.25	204578	-4.7028112758	-4.61685236012	-0.0859589156853
EV	-inf,5.25	201014	-4.72038603928	-4.65239603241	-0.0679900068723
EW	-inf,5.25	45200	-6.21266350982	-6.21379551254	0.00113200271752
EY	-inf,5.25	130301	-5.15391343796	-5.18826411661	0.0343506786492
FF	-inf,5.25	20555	-7.00065637631	-7.0125843145	0.0119279381922
FG	-inf,5.25	85212	-5.57861832767	-5.42166672479	-0.156951602883
FH	-inf,5.25	36007	-6.44004723266	-6.44412060206	0.00407336940274
FI	-inf,5.25	54250	-6.03015760424	-5.96655782202	-0.0635997822166
FK	-inf,5.25	94462	-5.47556295943	-5.45130811834	-0.024254841086
FL	-inf,5.25	88830	-5.53703616588	-5.45633099539	-0.0807051704814
FM	-inf,5.25	28179	-6.68518357698	-6.76391361425	0.0787300372745
FN	-inf,5.25	66644	-5.82439557659	-5.83802063752	0.0136250609317
FP	-inf,5.25	68415	-5.79816849783	-5.83517329065	0.0370047928255
FQ	-inf,5.25	59046	-5.94544379551	-5.91763980996	-0.0278039855522
FR	-inf,5.25	79521	-5.64773945894	-5.60370357535	-0.0440358835849
FS	-inf,5.25	85688	-5.5730478042	-5.53303133959	-0.0400164646076
FT	-inf,5.25	74239	-5.7164709781	-5.65860056516	-0.0578704129362
FV	-inf,5.25	68218	-5.80105213701	-5.69414423745	-0.106907899558
FW	-inf,5.25	14265	-7.36595161199	-7.25554371758	-0.110407894411
FY	-inf,5.25	43704	-6.24632096556	-6.23001232165	-0.016308643912
GG	-inf,5.25	118677	-5.24735507961	-5.2170532925	-0.0303017871153
GH	-inf,5.25	78075	-5.66609069349	-5.54635715309	-0.119733540403
GI	-inf,5.25	128707	-5.16622209348	-5.06879437304	-0.0974277204357
GK	-inf,5.25	201713	-4.71691470162	-4.55354466937	-0.163370032249
GL	-inf,5.25	218711	-4.63600937303	-4.55856754642	-0.0774418266103
GM	-inf,5.25	60466	-5.92167937306	-5.86615016528	-0.0555292077881
GN	-inf,5.25	149752	-5.01478000416	-4.94025718855	-0.074522815612
GP	-inf,5.25	165500	-4.91478940184	-4.93740984168	0.0226204398349
GQ	-inf,5.25	127445	-5.17607569768	-5.01987636098	-0.156199336692
GR	-inf,5.25	177667	-4.84384958499	-4.70594012638	-0.137909458614
GS	-inf,5.25	234738	-4.56529059809	-4.63526789061	0.0699772925251
GT	-inf,5.25	188537	-4.78446632256	-4.76083711619	-0.0236292063733
GV	-inf,5.25	180257	-4.8293769863	-4.79638078848	-0.0329961978168
GW	-inf,5.25	34766	-6.47512069896	-6.35778026861	-0.117340430353
GY	-inf,5.25	101120	-5.40745266626	-5.33224887268	-0.0752037935828
HH	-inf,5.25	27879	-6.69588687941	-7.2619660954	0.566079215983
HI	-inf,5.25	47417	-6.16477978247	-6.09124825032	-0.0735315321476
HK	-inf,5.25	77214	-5.67717980892	-5.57599854664	-0.101181262275
HL	-inf,5.25	83233	-5.60211669285	-5.58102142369	-0.0210952691602
HM	-inf,5.25	25258	-6.79461765943	-6.88860404255	0.093986383117
HN	-inf,5.25	56835	-5.98360826352	-5.96271106582	-0.0208971976974
HP	-inf,5.25	63577	-5.87150882694	-5.95986371895	0.0883548920129
HQ	-inf,5.25	53880	-6.03700124512	-6.04233023826	0.00532899314405
HR	-inf,5.25	74619	-5.71136543019	-5.72839400365	0.0170285734625
HS	-inf,5.25	75224	-5.70329026768	-5.65772176789	-0.0455684997961
HT	-inf,5.25	67796	-5.8072574005	-5.78329099346	-0.0239664070411
HV	-inf,5.25	60574	-5.91989483855	-5.81883466575	-0.101060172799
HW	-inf,5.25	14309	-7.36287188673	-7.38023414588	0.0173622591468
HY	-inf,5.25	42212	-6.28105605585	-6.35470274995	0.0736466941024
II	-inf,5.25	46212	-6.19052109204	-6.30683754152	0.116316449482
IK	-inf,5.25	148931	-5.02027748522	-5.0984357666	0.0781582813838
IL	-inf,5.25	137886	-5.09733333986	-5.10345864365	0.00612530379761
IM	-inf,5.25	40433	-6.32411431343	-6.41104126251	0.0869269490767
IN	-inf,5.25	106812	-5.35269031689	-5.48514828578	0.132457968887
IP	-inf,5.25	97917	-5.43964041562	-5.48230093891	0.0426605232913
IQ	-inf,5.25	83794	-5.59539919078	-5.56476745822	-0.03063173256
IR	-inf,5.25	108264	-5.33918790788	-5.25083122361	-0.0883566842748
IS	-inf,5.25	134239	-5.12413880331	-5.18015898785	0.0560201845346
IT	-inf,5.25	113757	-5.28969600226	-5.30572821342	0.0160322111611
IV	-inf,5.25	102205	-5.39677999641	-5.34127188571	-0.0555081106936
IW	-inf,5.25	17154	-7.18152921409	-6.90267136584	-0.278857848251
IY	-inf,5.25	60214	-5.92585571324	-5.87713996991	-0.0487157433308
KK	-inf,5.25	124011	-5.20339032531	-5.27633616494	0.072945839629
KL	-inf,5.25	225657	-4.60474444937	-4.58820893998	-0.0165355093959
KM	-inf,5.25	61777	-5.90022946975	-5.89579155883	-0.00443791091711
KN	-inf,5.25	172146	-4.87541764269	-4.9698985821	0.0944809394109
KP	-inf,5.25	140722	-5.07697428371	-4.96705123523	-0.109923048475
KQ	-inf,5.25	137855	-5.09755818854	-5.04951775454	-0.0480404339939
KR	-inf,5.25	161597	-4.9386550151	-4.73558151993	-0.203073495167
KS	-inf,5.25	200370	-4.72359493925	-4.66490928417	-0.0586856550825
KT	-inf,5.25	178232	-4.84067452423	-4.79047850974	-0.0501960144859
KV	-inf,5.25	167226	-4.9044144057	-4.82602218204	-0.0783922236678
KW	-inf,5.25	36628	-6.42294762141	-6.38742166216	-0.0355259592496
KY	-inf,5.25	119193	-5.24301656858	-5.36189026623	0.118873697651
LL	-inf,5.25	126862	-5.18066071517	-5.28638193375	0.105721218584
LM	-inf,5.25	66535	-5.82603247166	-5.90081443588	0.0747819642217
LN	-inf,5.25	158529	-4.95782305478	-4.97492145915	0.0170984043777
LP	-inf,5.25	173414	-4.86807879739	-4.97207411228	0.103995314891
LQ	-inf,5.25	155953	-4.97420591685	-5.05454063159	0.0803347147385
LR	-inf,5.25	199765	-4.72661892096	-4.74060439698	0.0139854760194
LS	-inf,5.25	226653	-4.60034038309	-4.66993216122	0.0695917781287
LT	-inf,5.25	182965	-4.81446571894	-4.79550138679	-0.018964332145
LV	-inf,5.25	173459	-4.86781933644	-4.83104505909	-0.0367742773495
LW	-inf,5.25	32580	-6.54006199348	-6.39244453921	-0.147617454271
LY	-inf,5.25	97441	-5.44451353002	-5.36691314328	-0.0776003867388
MM	-inf,5.25	11017	-7.6243210623	-7.901555091	0.277234028702
MN	-inf,5.25	45752	-6.20052509004	-6.28250407801	0.0819789879669
MP	-inf,5.25	45010	-6.21687590935	-6.27965673114	0.0627808217875
MQ	-inf,5.25	42389	-6.27687170204	-6.36212325045	0.0852515484087
MR	-inf,5.25	52717	-6.05882261248	-6.04818701584	-0.0106355966433
MS	-inf,5.25	61130	-5.91075785262	-5.97751478008	0.0667569274597
MT	-inf,5.25	50685	-6.09813058782	-6.10308400565	0.00495341782747
MV	-inf,5.25	47753	-6.15771870448	-6.13862767794	-0.019091026536
MW	-inf,5.25	9616	-7.76033221887	-7.70002715807	-0.060305060795
MY	-inf,5.25	29555	-6.63750766238	-6.67449576214	0.0369880997599
NN	-inf,5.25	70731	-5.76487664744	-6.04976258261	0.284885935175
NP	-inf,5.25	112119	-5.30419978942	-5.35376375441	0.049563964995
NQ	-inf,5.25	105010	-5.36970501294	-5.43623027372	0.0665252607806
NR	-inf,5.25	124004	-5.20344677351	-5.12229403911	-0.0811527343977
NS	-inf,5.25	158982	-4.95496960839	-5.05162180335	0.0966521949545
NT	-inf,5.25	139485	-5.08580352806	-5.17719102892	0.0913875008622
NV	-inf,5.25	121876	-5.22075646225	-5.21273470121	-0.00802176103089
NW	-inf,5.25	26681	-6.73980889505	-6.77413418134	0.0343252862874
NY	-inf,5.25	84229	-5.59022131666	-5.74860278541	0.158381468757
PP	-inf,5.25	67303	-5.81455578448	-6.04406787664	0.229512092164
PQ	-inf,5.25	101370	-5.40498340726	-5.43338292685	0.0283995195859
PR	-inf,5.25	132716	-5.13554908987	-5.11944669224	-0.0161023976279
PS	-inf,5.25	157324	-4.96545322353	-5.04877445648	0.0833212329427
PT	-inf,5.25	137144	-5.10272912795	-5.17434368205	0.071614554098
PV	-inf,5.25	132157	-5.1397699869	-5.20988735434	0.0701173674425
PW	-inf,5.25	29222	-6.64883874641	-6.77128683447	0.122448088062
PY	-inf,5.25	79771	-5.64460056677	-5.74575543854	0.101154871769
QQ	-inf,5.25	55198	-6.01283387592	-6.20900128391	0.196167407999
QR	-inf,5.25	129647	-5.15894522416	-5.20191321155	0.042967987387
QS	-inf,5.25	135499	-5.11479633644	-5.13124097579	0.0164446393466
QT	-inf,5.25	117322	-5.2588383053	-5.25681020136	-0.00202810394235
QV	-inf,5.25	107009	-5.35084765358	-5.29235387365	-0.0584937799312
QW	-inf,5.25	26576	-6.74375204379	-6.85375335378	0.110001309992
QY	-inf,5.25	68487	-5.79711665042	-5.82822195785	0.031105307428
RR	-inf,5.25	92458	-5.49700610931	-5.58112755988	0.0841214505765
RS	-inf,5.25	168859	-4.8946965495	-4.81730474118	-0.0773918083236
RT	-inf,5.25	150358	-5.01074147946	-4.94287396675	-0.0678675127102
RV	-inf,5.25	144832	-5.04818614665	-4.97841763904	-0.0697685076041
RW	-inf,5.25	34111	-6.49414068374	-6.53981711917	0.0456764354279
RY	-inf,5.25	90747	-5.51568518191	-5.51428572324	-0.00139945867003
SS	-inf,5.25	128891	-5.16479351072	-5.4397828562	0.274989345486
ST	-inf,5.25	187268	-4.79121985071	-4.87220173099	0.0809818802774
SV	-inf,5.25	170041	-4.88772101222	-4.90774540328	0.0200243910642
SW	-inf,5.25	32156	-6.55316153819	-6.46914488341	-0.0840166547861
SY	-inf,5.25	101049	-5.40815504895	-5.44361348748	0.0354584385292
TT	-inf,5.25	94000	-5.48046581439	-5.69092173151	0.210455917121
TV	-inf,5.25	152562	-4.99618952586	-5.03331462885	0.0371251029982
TW	-inf,5.25	28503	-6.67375125177	-6.59471410898	-0.0790371427851
TY	-inf,5.25	84939	-5.58182724486	-5.56918271305	-0.0126445318068
VV	-inf,5.25	72485	-5.74038095276	-5.76200920615	0.0216282533945
VW	-inf,5.25	24701	-6.81691686801	-6.63025778127	-0.186659086741
VY	-inf,5.25	74298	-5.7156765632	-5.60472638534	-0.110950177853
WW	-inf,5.25	3964	-8.64650698019	-8.88482219087	0.238315210675
WY	-inf,5.25	17719	-7.14912308648	-7.16612586547	0.0170027789886
YY	-inf,5.25	27365	-6.71449577206	-6.83374801493	0.119252242865
AA	4.25,6.25	199093	-4.89146533678	-5.13258807169	0.24112273491
AC	4.25,6.25	66897	-5.98208326594	-6.16263993471	0.180556668772
AD	4.25,6.25	220161	-4.79087829213	-4.65404597054	-0.136832321593
AE	4.25,6.25	244423	-4.68633705813	-4.45866642439	-0.227670633744
AF	4.25,6.25	149017	-5.18117699562	-5.1791086637	-0.00206833192056
AG	4.25,6.25	251377	-4.65828358472	-4.54175880877	-0.116524775946
AH	4.25,6.25	94715	-5.63436500644	-5.5644286855	-0.0699363209395
AI	4.25,6.25	239290	-4.70756118353	-4.80894599473	0.101384811199
AK	4.25,6.25	196879	-4.90264806218	-4.63776778703	-0.264880275152
AL	4.25,6.25	429013	-4.12375016752	-4.31704240135	0.193292233835
AM	4.25,6.25	96973	-5.61080479978	-5.74475688318	0.133952083404
AN	4.25,6.25	157961	-5.1228892219	-4.9918337839	-0.131055438
AP	4.25,6.25	156590	-5.13160646446	-4.99457978876	-0.137026675699
AQ	4.25,6.25	148638	-5.18372356937	-5.07954052094	-0.10418304843
AR	4.25,6.25	202484	-4.87457651794	-4.77202516711	-0.102551350832
AS	4.25,6.25	262294	-4.61577137698	-4.65298744096	0.0372160639792
AT	4.25,6.25	220794	-4.7880072489	-4.75689110501	-0.0311161438843
AV	4.25,6.25	302071	-4.47457529994	-4.57230817153	0.0977328715883
AW	4.25,6.25	56921	-6.14357304743	-6.19766732018	0.054094272743
AY	4.25,6.25	142839	-5.22351926716	-5.22353391324	1.46460824606e-05
CC	4.25,6.25	25792	-6.93517302269	-8.57900214199	1.6438291193
CD	4.25,6.25	53617	-6.20337120705	-6.37724743491	0.173876227857
CE	4.25,6.25	52804	-6.2186504436	-6.18186788875	-0.0367825548495
CF	4.25,6.25	28845	-6.82330072131	-6.90231012807	0.0790094067568
CG	4.25,6.25	65439	-6.00411897801	-6.26496027314	0.260841295122
CH	4.25,6.25	26415	-6.9113053584	-7.28763014986	0.376324791462
CI	4.25,6.25	42653	-6.43213977758	-6.53214745909	0.100007681514
CK	4.25,6.25	48940	-6.294642331	-6.3609692514	0.0663269203942
CL	4.25,6.25	68703	-5.95544452262	-6.04024386572	0.0847993430985
CM	4.25,6.25	19694	-7.20492336819	-7.46795834755	0.263034979354
CN	4.25,6.25	42844	-6.42767177712	-6.71503524827	0.287363471153
CP	4.25,6.25	45750	-6.3620455973	-6.71778125313	0.355735655831
CQ	4.25,6.25	34796	-6.63573495137	-6.80274198531	0.167007033934
CR	4.25,6.25	45097	-6.37642166357	-6.49522663147	0.118804967903
CS	4.25,6.25	69038	-5.95058031138	-6.37618890532	0.425608593946
CT	4.25,6.25	51557	-6.24254939728	-6.48009256938	0.237543172099
CV	4.25,6.25	53617	-6.20337120705	-6.29550963589	0.0921384288426
CW	4.25,6.25	12139	-7.6888139791	-7.92086878454	0.23205480544
CY	4.25,6.25	33134	-6.6846774435	-6.9467353776	0.262057934103
DD	4.25,6.25	73377	-5.889626854	-5.56180365155	-0.327823202447
DE	4.25,6.25	157555	-5.12546278536	-4.67327392458	-0.452188860782
DF	4.25,6.25	134738	-5.281905237	-5.3937161639	0.111810926897
DG	4.25,6.25	157608	-5.12512645146	-4.75636630897	-0.368760142496
DH	4.25,6.25	79846	-5.80513760954	-5.77903618569	-0.0261014238449
DI	4.25,6.25	204547	-4.86443961109	-5.02355349492	0.159113883829
DK	4.25,6.25	179089	-4.99735450004	-4.85237528723	-0.144979212813
DL	4.25,6.25	321624	-4.41185422763	-4.53164990155	0.119795673917
DM	4.25,6.25	72919	-5.89588815296	-5.95936438338	0.063476230415
DN	4.25,6.25	123311	-5.37052776953	-5.2064412841	-0.164086485428
DP	4.25,6.25	112135	-5.46553388644	-5.20918728896	-0.256346597483
DQ	4.25,6.25	104051	-5.54035622546	-5.29414802114	-0.246208204324
DR	4.25,6.25	175236	-5.01910375217	-4.9866326673	-0.0324710848707
DS	4.25,6.25	172081	-5.03727209283	-4.86759494115	-0.169677151673
DT	4.25,6.25	167302	-5.06543682652	-4.97149860521	-0.0939382213164
DV	4.25,6.25	235066	-4.72537106324	-4.78691567172	0.0615446084785
DW	4.25,6.25	53491	-6.20572397357	-6.41227482037	0.206550846805
DY	4.25,6.25	144549	-5.2116188386	-5.43814141343	0.226522574832
EE	4.25,6.25	102419	-5.55616514675	-5.17104402676	-0.385121119985
EF	4.25,6.25	156795	-5.13029816937	-5.19833661774	0.0680384483748
EG	4.25,6.25	148972	-5.1814790202	-4.56098676281	-0.620492257385
EH	4.25,6.25	87655	-5.71182873421	-5.58365663954	-0.128172094674
EI	4.25,6.25	238099	-4.71255083545	-4.82817394877	0.115623113315
EK	4.25,6.25	219513	-4.79382593274	-4.65699574107	-0.136830191672
EL	4.25,6.25	386342	-4.22851440147	-4.33627035539	0.107755953927
EM	4.25,6.25	84680	-5.74635794275	-5.76398483722	0.017626894469
EN	4.25,6.25	127096	-5.3402946826	-5.01106173794	-0.329232944658
EP	4.25,6.25	113652	-5.45209624099	-5.0138077428	-0.438288498184
EQ	4.25,6.25	121110	-5.38853816549	-5.09876847498	-0.289769690504
ER	4.25,6.25	221402	-4.78525733536	-4.79125312115	0.0059957857853
ES	4.25,6.25	176735	-5.01058595347	-4.672215395	-0.338370558475
ET	4.25,6.25	179598	-4.99451636907	-4.77611905905	-0.218397310017
EV	4.25,6.25	270252	-4.58588253197	-4.59153612557	0.00565359359372
EW	4.25,6.25	61793	-6.06144729958	-6.21689527422	0.155447974638
EY	4.25,6.25	162711	-5.09326176798	-5.24276186728	0.149500099296
FF	4.25,6.25	42682	-6.43146010333	-6.61193110975	0.180471006428
FG	4.25,6.25	119603	-5.4010594642	-5.28142900213	-0.119630462078
FH	4.25,6.25	59619	-6.0972630738	-6.30409887885	0.20683580505
FI	4.25,6.25	117539	-5.41846719561	-5.54861618808	0.130148992469
FK	4.25,6.25	137120	-5.26438093417	-5.37743798039	0.113057046219
FL	4.25,6.25	188829	-4.94439554541	-5.05671259471	0.112317049302
FM	4.25,6.25	50993	-6.25354902062	-6.48442707654	0.23087805592
FN	4.25,6.25	99826	-5.58180871859	-5.73150397726	0.14969525867
FP	4.25,6.25	94995	-5.63141313038	-5.73424998212	0.102836851736
FQ	4.25,6.25	90534	-5.67951191826	-5.8192107143	0.139698796039
FR	4.25,6.25	120496	-5.39362083166	-5.51169536046	0.118074528803
FS	4.25,6.25	134734	-5.28193492468	-5.39265763431	0.110722709629
FT	4.25,6.25	125262	-5.35482984526	-5.49656129837	0.141731453109
FV	4.25,6.25	142586	-5.22529206258	-5.31197836488	0.0866863023051
FW	4.25,6.25	30971	-6.75218610624	-6.93733751353	0.18515140729
FY	4.25,6.25	85759	-5.73369635221	-5.96320410659	0.229507754383
GG	4.25,6.25	98095	-5.59930099215	-5.33722900935	-0.262071982795
GH	4.25,6.25	71401	-5.91692551417	-5.66674902392	-0.250176490244
GI	4.25,6.25	182250	-4.97985801813	-4.91126633315	-0.068591684978
GK	4.25,6.25	134427	-5.28421608825	-4.74008812546	-0.54412796279
GL	4.25,6.25	298486	-4.48651435846	-4.41936273978	-0.0671516186783
GM	4.25,6.25	68788	-5.9542080779	-5.84707722161	-0.10713085629
GN	4.25,6.25	120004	-5.39771231346	-5.09415412233	-0.30355819113
GP	4.25,6.25	117635	-5.41765077879	-5.09690012719	-0.320750651598
GQ	4.25,6.25	95761	-5.62338188505	-5.18186085937	-0.441521025682
GR	4.25,6.25	134818	-5.2813116683	-4.87434550553	-0.406966162765
GS	4.25,6.25	191834	-4.92860697429	-4.75530777938	-0.173299194909
GT	4.25,6.25	167702	-5.0630487942	-4.85921144344	-0.203837350763
GV	4.25,6.25	231674	-4.73990617795	-4.67462850995	-0.0652776679953
GW	4.25,6.25	47739	-6.31948871512	-6.2999876586	-0.0195010565198
GY	4.25,6.25	126369	-5.34603119055	-5.32585425166	-0.0201769388849
HH	4.25,6.25	23785	-7.01618225913	-7.38257353769	0.36639127856
HI	4.25,6.25	79664	-5.80741959912	-5.93393620988	0.126516610761
HK	4.25,6.25	68502	-5.9583744471	-5.76275800219	-0.19561644491
HL	4.25,6.25	131666	-5.30496897609	-5.44203261651	0.137063640418
HM	4.25,6.25	33105	-6.68555306064	-6.86974709833	0.184194037693
HN	4.25,6.25	55008	-6.17775875982	-6.11682399906	-0.0609347607612
HP	4.25,6.25	57911	-6.12633003976	-6.11957000392	-0.00676003583927
HQ	4.25,6.25	50459	-6.26407626368	-6.2045307361	-0.0595455275839
HR	4.25,6.25	71874	-5.91032280304	-5.89701538226	-0.0133074207811
HS	4.25,6.25	77632	-5.8332576757	-5.77797765611	-0.055280019586
HT	4.25,6.25	75863	-5.85630830701	-5.88188132017	0.0255730131602
HV	4.25,6.25	96007	-5.62081628354	-5.69729838668	0.0764821031367
HW	4.25,6.25	23189	-7.04155936072	-7.32265753533	0.281098174614
HY	4.25,6.25	61776	-6.0617224495	-6.34852412839	0.286801678896
II	4.25,6.25	99660	-5.58347299617	-5.87160420259	0.288131206429
IK	4.25,6.25	212802	-4.8248752331	-5.00727531141	0.182400078314
IL	4.25,6.25	297293	-4.49051920453	-4.68654992574	0.196030721203
IM	4.25,6.25	75570	-5.86017800999	-6.11426440756	0.254086397576
IN	4.25,6.25	158121	-5.1218768263	-5.36134130828	0.239464481985
IP	4.25,6.25	137059	-5.26482589896	-5.36408731314	0.0992614141811
IQ	4.25,6.25	128505	-5.32926957493	-5.44904804532	0.119778470388
IR	4.25,6.25	167549	-5.06396154322	-5.14153269149	0.0775711482669
IS	4.25,6.25	210335	-4.83653589125	-5.02249496534	0.185959074092
IT	4.25,6.25	190353	-4.93635714587	-5.12639862939	0.190041483521
IV	4.25,6.25	222903	-4.77850068977	-4.94181569591	0.163315006139
IW	4.25,6.25	38738	-6.5284163586	-6.56717484456	0.0387584859592
IY	4.25,6.25	125932	-5.34949531029	-5.59304143762	0.243546127332
KK	4.25,6.25	79890	-5.80458670052	-5.5292472361	-0.275339464429
KL	4.25,6.25	315684	-4.43049567577	-4.51537171804	0.0848760422764
KM	4.25,6.25	70551	-5.92890153648	-5.94308619987	0.0141846633928
KN	4.25,6.25	124588	-5.36022509549	-5.19016310059	-0.170061994899
KP	4.25,6.25	95164	-5.62963567	-5.19290910545	-0.436726564549
KQ	4.25,6.25	100934	-5.57077055113	-5.27786983763	-0.292900713496
KR	4.25,6.25	122381	-5.37809825975	-4.97035448379	-0.407743775954
KS	4.25,6.25	158585	-5.11894666184	-4.85131675764	-0.267629904199
KT	4.25,6.25	158079	-5.12214248095	-4.9552204217	-0.166922059249
KV	4.25,6.25	225487	-4.76697488141	-4.77063748821	0.0036626068079
KW	4.25,6.25	50753	-6.25826665954	-6.39599663686	0.137729977321
KY	4.25,6.25	150348	-5.17228478197	-5.42186322993	0.249578447959
LL	4.25,6.25	265589	-4.60328738794	-4.88779565483	0.28450826689
LM	4.25,6.25	120430	-5.39416871775	-5.62236081419	0.228192096444
LN	4.25,6.25	227015	-4.76022129443	-4.86943771491	0.109216420487
LP	4.25,6.25	230985	-4.74288461567	-4.87218371977	0.129299104101
LQ	4.25,6.25	228069	-4.75558917427	-4.95714445195	0.201555277682
LR	4.25,6.25	294369	-4.50040330662	-4.64962909812	0.149225791495
LS	4.25,6.25	343747	-4.34533146735	-4.53059137197	0.185259904618
LT	4.25,6.25	299623	-4.4827123713	-4.63449503602	0.151782664726
LV	4.25,6.25	360784	-4.29695794771	-4.44991210253	0.152954154823
LW	4.25,6.25	68444	-5.95922149635	-6.07527125119	0.116049754837
LY	4.25,6.25	192869	-4.92322618705	-5.10113784425	0.177911657198
MM	4.25,6.25	17274	-7.33603490816	-7.74323140654	0.407196498383
MN	4.25,6.25	54782	-6.18187571618	-6.29715219674	0.115276480564
MP	4.25,6.25	51891	-6.23609202429	-6.2998982016	0.0638061773097
MQ	4.25,6.25	49862	-6.27597819941	-6.38485893378	0.108880734365
MR	4.25,6.25	64711	-6.01530618651	-6.07734357994	0.0620373934359
MS	4.25,6.25	75546	-5.86049564677	-5.95830585379	0.0978102070225
MT	4.25,6.25	69799	-5.939617706	-6.06220951785	0.122591811849
MV	4.25,6.25	87346	-5.71536014627	-5.87762658436	0.162266438087
MW	4.25,6.25	17608	-7.31688404479	-7.50298573301	0.186101688218
MY	4.25,6.25	50310	-6.26703352452	-6.52885232608	0.26181880156
NN	4.25,6.25	57115	-6.14017060983	-6.23738048392	0.0972098740844
NP	4.25,6.25	87129	-5.71784760994	-5.54697510232	-0.170872507624
NQ	4.25,6.25	84612	-5.74716128849	-5.6319358345	-0.115225453993
NR	4.25,6.25	104083	-5.54004873125	-5.32442048066	-0.215628250583
NS	4.25,6.25	138744	-5.25260688057	-5.20538275452	-0.0472241260545
NT	4.25,6.25	130527	-5.3136572871	-5.30928641857	-0.00437086853255
NV	4.25,6.25	167128	-5.06647740312	-5.12470348508	0.058226081962
NW	4.25,6.25	38187	-6.54274224546	-6.75006263374	0.207320388273
NY	4.25,6.25	108849	-5.49527578833	-5.7759292268	0.280653438463
PP	4.25,6.25	48826	-6.29697443115	-6.2428725052	-0.0541019259544
PQ	4.25,6.25	75424	-5.86211186226	-5.63468183936	-0.227430022906
PR	4.25,6.25	103663	-5.54409213591	-5.32716648552	-0.216925650384
PS	4.25,6.25	128157	-5.33198131421	-5.20812875937	-0.123852554837
PT	4.25,6.25	120742	-5.39158135127	-5.31203242343	-0.079548927838
PV	4.25,6.25	169762	-5.05083993288	-5.12744948994	0.0766095570589
PW	4.25,6.25	41431	-6.46120799612	-6.75280863859	0.291600642472
PY	4.25,6.25	103051	-5.5500133777	-5.77867523166	0.228661853954
QQ	4.25,6.25	41937	-6.44906889686	-6.41279434354	-0.0362745533207
QR	4.25,6.25	104927	-5.53197251875	-5.4121272177	-0.119845301043
QS	4.25,6.25	114574	-5.44401648657	-5.29308949155	-0.150926995015
QT	4.25,6.25	113111	-5.45686775156	-5.39699315561	-0.0598745959528
QV	4.25,6.25	149918	-5.17514891107	-5.21241022212	0.0372613110567
QW	4.25,6.25	38115	-6.54462948358	-6.83776937077	0.293139887195
QY	4.25,6.25	90867	-5.67584049005	-5.86363596384	0.187795473784
RR	4.25,6.25	73842	-5.8833097136	-5.79776242038	-0.0855472932173
RS	4.25,6.25	150321	-5.17246438146	-4.98557413772	-0.186890243742
RT	4.25,6.25	149502	-5.17792761835	-5.08947780177	-0.0884498165759
RV	4.25,6.25	208173	-4.84686792424	-4.90489486829	0.0580269440427
RW	4.25,6.25	51647	-6.24080527839	-6.53025401694	0.289448738546
RY	4.25,6.25	122261	-5.37907928516	-5.55612061	0.177041324839
SS	4.25,6.25	115202	-5.4385502798	-5.55968658922	0.121136309419
ST	4.25,6.25	184844	-4.96572516291	-4.97044007563	0.00471491271271
SV	4.25,6.25	247363	-4.67438049562	-4.78585714214	0.111476646517
SW	4.25,6.25	49479	-6.28368905188	-6.41121629079	0.127527238905
SY	4.25,6.25	137072	-5.2647310538	-5.43708288385	0.172351830055
TT	4.25,6.25	98277	-5.59744736686	-5.76749424549	0.170046878627
TV	4.25,6.25	238055	-4.71273564961	-4.88976080619	0.177025156586
TW	4.25,6.25	47631	-6.32175357926	-6.51511995485	0.19336637559
TY	4.25,6.25	129129	-5.32442548432	-5.54098654791	0.216561063584
VV	4.25,6.25	146206	-5.20022080287	-5.39832781805	0.198107015172
VW	4.25,6.25	50564	-6.26199752839	-6.33053702136	0.068539492972
VY	4.25,6.25	147315	-5.19266423774	-5.35640361442	0.163739376679
WW	4.25,6.25	7236	-8.20616882149	-8.6490573964	0.442888574914
WY	4.25,6.25	34127	-6.65514852917	-6.98176276307	0.326614233899
YY	4.25,6.25	49875	-6.27571751381	-6.70078183924	0.425064325435
AA	5.25,7.25	167053	-4.76925169712	-5.1185479821	0.349296284974
AC	5.25,7.25	72088	-5.60967522953	-6.04872816222	0.439052932694
AD	5.25,7.25	128975	-5.02794423733	-4.72564971312	-0.302294524206
AE	5.25,7.25	144252	-4.91600105435	-4.54894333459	-0.367057719756
AF	5.25,7.25	165097	-4.7810296445	-5.02856000839	0.247530363885
AG	5.25,7.25	174540	-4.72540888272	-4.61601041077	-0.109398471951
AH	5.25,7.25	68242	-5.66450261338	-5.57938681492	-0.0851157984603
AI	5.25,7.25	268815	-4.2935394138	-4.67048461498	0.376945201182
AK	5.25,7.25	114923	-5.14330048557	-4.72314940056	-0.420151085012
AL	5.25,7.25	453976	-3.76951849125	-4.20035332867	0.430834837416
AM	5.25,7.25	93821	-5.34617411291	-5.68389305642	0.33771894351
AN	5.25,7.25	98657	-5.29591363658	-5.04806195822	-0.247851678361
AP	5.25,7.25	93693	-5.34753934452	-5.06289548081	-0.284643863707
AQ	5.25,7.25	88795	-5.40123248235	-5.13581339027	-0.265419092086
AR	5.25,7.25	121256	-5.08965881133	-4.82518435206	-0.26447445927
AS	5.25,7.25	182074	-4.68314962661	-4.68509947962	0.00194985300923
AT	5.25,7.25	157052	-4.83098586376	-4.76192514749	-0.0690607162723
AV	5.25,7.25	311348	-4.1466515668	-4.45714386966	0.31049230286
AW	5.25,7.25	57172	-5.84149855641	-6.09163577033	0.250137213913
AY	5.25,7.25	137373	-4.96486297053	-5.15107207272	0.18620910219
CC	5.25,7.25	27641	-6.56826264676	-8.36521805752	1.79695541075
CD	5.25,7.25	40246	-6.19255220442	-6.34897960332	0.156427398902
CE	5.25,7.25	39426	-6.21313732732	-6.17227322479	-0.0408641025286
CF	5.25,7.25	40605	-6.18367161273	-6.65188989858	0.468218285858
CG	5.25,7.25	54488	-5.88958233052	-6.23934030097	0.349757970446
CH	5.25,7.25	24712	-6.68027386884	-7.20271670512	0.522442836272
CI	5.25,7.25	60291	-5.7883799856	-6.29381450517	0.505434519575
CK	5.25,7.25	36024	-6.30337744146	-6.34647929076	0.0431018492944
CL	5.25,7.25	94524	-5.33870905395	-5.82368321886	0.484974164911
CM	5.25,7.25	23908	-6.7133496935	-7.30722294661	0.593873253114
CN	5.25,7.25	33619	-6.37247144112	-6.67139184841	0.298920407288
CP	5.25,7.25	33885	-6.36459038587	-6.686225371	0.321634985131
CQ	5.25,7.25	28130	-6.55072620196	-6.75914328046	0.208417078503
CR	5.25,7.25	35456	-6.31927033334	-6.44851424225	0.129243908919
CS	5.25,7.25	59245	-5.80588143619	-6.30842936982	0.502547933625
CT	5.25,7.25	46518	-6.04772349	-6.38525503768	0.337531547685
CV	5.25,7.25	69105	-5.6519357374	-6.08047375986	0.428538022451
CW	5.25,7.25	14940	-7.18352064476	-7.71496566052	0.531445015765
CY	5.25,7.25	40313	-6.19088882688	-6.77440196292	0.583513136035
DD	5.25,7.25	25154	-6.66254589483	-5.71905175012	-0.943494144714
DE	5.25,7.25	44493	-6.09223095103	-4.84919477569	-1.24303617534
DF	5.25,7.25	107877	-5.20657113525	-5.32881144949	0.122240314234
DG	5.25,7.25	74898	-5.57143563656	-4.91626185187	-0.655173784694
DH	5.25,7.25	34891	-6.33533390816	-5.87963825602	-0.455695652147
DI	5.25,7.25	158813	-4.81983541502	-4.97073605607	0.150900641056
DK	5.25,7.25	43426	-6.11650448439	-5.02340084166	-1.09310364273
DL	5.25,7.25	242483	-4.39663121963	-4.50060476976	0.103973550131
DM	5.25,7.25	48317	-6.00977935885	-5.98414449751	-0.0256348613395
DN	5.25,7.25	42923	-6.12815501166	-5.34831339931	-0.779841612345
DP	5.25,7.25	40777	-6.17944462749	-5.3631469219	-0.816297705588
DQ	5.25,7.25	32538	-6.40515418737	-5.43606483136	-0.96908935601
DR	5.25,7.25	55310	-5.87460910045	-5.12543579316	-0.749173307297
DS	5.25,7.25	72803	-5.59980566132	-4.98535092072	-0.614454740597
DT	5.25,7.25	71990	-5.61103560398	-5.06217658858	-0.548859015397
DV	5.25,7.25	169841	-4.75270011919	-4.75739531076	0.0046951915695
DW	5.25,7.25	35786	-6.31000606899	-6.39188721142	0.081881142432
DY	5.25,7.25	87133	-5.4201271375	-5.45132351382	0.0311963763173
EE	5.25,7.25	25735	-6.63971089136	-5.36563843986	-1.27407245149
EF	5.25,7.25	123750	-5.06929942301	-5.15210507096	0.0828056479442
EG	5.25,7.25	66164	-5.69542631608	-4.73955547334	-0.955870842741
EH	5.25,7.25	36754	-6.28331576119	-5.70293187749	-0.580383883699
EI	5.25,7.25	177297	-4.709736532	-4.79402967754	0.0842931455476
EK	5.25,7.25	46326	-6.05185946591	-4.84669446313	-1.20516500278
EL	5.25,7.25	280073	-4.25251254099	-4.32389839123	0.0713858502487
EM	5.25,7.25	53535	-5.90722717885	-5.80743811898	-0.0997890598655
EN	5.25,7.25	38912	-6.22626013812	-5.17160702078	-1.05465311733
EP	5.25,7.25	36582	-6.28800650831	-5.18644054337	-1.10156596493
EQ	5.25,7.25	33401	-6.37897698481	-5.25935845283	-1.11961853197
ER	5.25,7.25	60724	-5.78122381739	-4.94872941463	-0.832494402763
ES	5.25,7.25	69109	-5.65187785615	-4.80864454219	-0.843233313959
ET	5.25,7.25	72320	-5.60646210838	-4.88547021005	-0.720991898324
EV	5.25,7.25	193200	-4.62383690268	-4.58068893223	-0.0431479704541
EW	5.25,7.25	39935	-6.20030969209	-6.21518083289	0.0148711408018
EY	5.25,7.25	92965	-5.35533974623	-5.27461713529	-0.0807226109406
FF	5.25,7.25	61823	-5.76328736095	-6.32487354898	0.56158618803
FG	5.25,7.25	106505	-5.21937089206	-5.21917214714	-0.000198744920551
FH	5.25,7.25	57829	-5.8300724445	-6.18254855128	0.352476106782
FI	5.25,7.25	170318	-4.74989554655	-5.27364635134	0.523750804794
FK	5.25,7.25	109095	-5.19534376219	-5.32631113692	0.130967374738
FL	5.25,7.25	268959	-4.29300387283	-4.80351506503	0.510511192198
FM	5.25,7.25	61430	-5.76966450928	-6.28705479278	0.517390283496
FN	5.25,7.25	85203	-5.44252617998	-5.65122369458	0.208697514601
FP	5.25,7.25	78383	-5.52595575735	-5.66605721717	0.14010145982
FQ	5.25,7.25	76635	-5.54850893301	-5.73897512663	0.19046619362
FR	5.25,7.25	101145	-5.27100769361	-5.42834608842	0.157338394817
FS	5.25,7.25	123388	-5.07222896245	-5.28826121598	0.216032253534
FT	5.25,7.25	123499	-5.07132976559	-5.36508688385	0.293757118257
FV	5.25,7.25	196211	-4.60837221366	-5.06030560602	0.451933392362
FW	5.25,7.25	42060	-6.14846565419	-6.69479750669	0.546331852503
FY	5.25,7.25	108761	-5.19841001018	-5.75423380908	0.555823798902
GG	5.25,7.25	55343	-5.87401264123	-5.49977279076	-0.374239850473
GH	5.25,7.25	40450	-6.18749618096	-5.76999895367	-0.417497227288
GI	5.25,7.25	161790	-4.80126362644	-4.86109675372	0.0598331272814
GK	5.25,7.25	56206	-5.85853931169	-4.91376153931	-0.944777772386
GL	5.25,7.25	251507	-4.36009200231	-4.39096546741	0.0308734651081
GM	5.25,7.25	55124	-5.87797763145	-5.87450519516	-0.0034724362831
GN	5.25,7.25	59302	-5.80491979221	-5.23867409696	-0.566245695251
GP	5.25,7.25	57424	-5.83710049005	-5.25350761955	-0.5835928705
GQ	5.25,7.25	46076	-6.0572706174	-5.32642552901	-0.730845088382
GR	5.25,7.25	64103	-5.72707165976	-5.01579649081	-0.711275168951
GS	5.25,7.25	106755	-5.21702633504	-4.87571161837	-0.341314716672
GT	5.25,7.25	90724	-5.37974089374	-4.95253728623	-0.42720360751
GV	5.25,7.25	185550	-4.66423843695	-4.64775600841	-0.0164824285461
GW	5.25,7.25	37732	-6.25705428367	-6.28224790907	0.0251936253999
GY	5.25,7.25	90122	-5.38639851651	-5.34168421147	-0.044714305043
HH	5.25,7.25	15166	-7.16850674418	-7.42653055901	0.258023814824
HI	5.25,7.25	76667	-5.54809145639	-5.82447315787	0.276381701485
HK	5.25,7.25	26897	-6.59554806824	-5.87713794346	-0.718410124779
HL	5.25,7.25	122699	-5.07782862274	-5.35434187156	0.276513248827
HM	5.25,7.25	27480	-6.57410435711	-6.83788159931	0.263777242207
HN	5.25,7.25	26848	-6.59737149418	-6.20205050111	-0.395320993065
HP	5.25,7.25	27713	-6.56566120728	-6.2168840237	-0.348777183577
HQ	5.25,7.25	23063	-6.74933322268	-6.28980193316	-0.459531289515
HR	5.25,7.25	32693	-6.40040183675	-5.97917289495	-0.421228941796
HS	5.25,7.25	43934	-6.10487431667	-5.83908802252	-0.265786294151
HT	5.25,7.25	43779	-6.10840857411	-5.91591369038	-0.192494883726
HV	5.25,7.25	85415	-5.44004109506	-5.61113241256	0.171091317495
HW	5.25,7.25	20925	-6.84661820808	-7.24562431322	0.399006105136
HY	5.25,7.25	47116	-6.03495017836	-6.30506061562	0.270110437252
II	5.25,7.25	145341	-4.90848011888	-5.60872137052	0.700241251648
IK	5.25,7.25	160517	-4.8091629685	-4.96823574351	0.159072775016
IL	5.25,7.25	421533	-3.84366475827	-4.44543967162	0.601774913351
IM	5.25,7.25	92089	-5.36480732373	-5.92897939937	0.564172075641
IN	5.25,7.25	127187	-5.04190438003	-5.29314830117	0.251243921132
IP	5.25,7.25	107967	-5.20573719958	-5.30798182376	0.102244624177
IQ	5.25,7.25	104572	-5.23768699509	-5.38089973322	0.14321273813
IR	5.25,7.25	137136	-4.9665896903	-5.07027069501	0.103681004707
IS	5.25,7.25	188163	-4.650254216	-4.93018582257	0.279931606574
IT	5.25,7.25	183804	-4.67369285199	-5.00701149044	0.333318638447
IV	5.25,7.25	310939	-4.147966073	-4.70223021261	0.554264139614
IW	5.25,7.25	53233	-5.91288431967	-6.33672211328	0.42383779361
IY	5.25,7.25	153401	-4.85450741664	-5.39615841567	0.541650999029
KK	5.25,7.25	16654	-7.07491239665	-5.71405111647	-1.36086128018
KL	5.25,7.25	232909	-4.43691500512	-4.4981044572	0.0611894520795
KM	5.25,7.25	45959	-6.05981312977	-5.98164418495	-0.0781689448149
KN	5.25,7.25	35081	-6.32990315109	-5.34581308675	-0.984090064341
KP	5.25,7.25	30633	-6.46548496522	-5.36064660934	-1.10483835588
KQ	5.25,7.25	28106	-6.55157974778	-5.4335645188	-1.11801522898
KR	5.25,7.25	34739	-6.33969984932	-5.12293548059	-1.21676436873
KS	5.25,7.25	60294	-5.78833022817	-4.98285060816	-0.805479620009
KT	5.25,7.25	61032	-5.77616450767	-5.05967627602	-0.716488231652
KV	5.25,7.25	162203	-4.79871418727	-4.75489499819	-0.0438191890704
KW	5.25,7.25	33106	-6.38784828962	-6.38938689886	0.00153860923798
KY	5.25,7.25	84860	-5.44655998469	-5.44882320125	0.00226321656911
LL	5.25,7.25	360400	-4.00034829873	-4.66845758563	0.668109286906
LM	5.25,7.25	143304	-4.92259457655	-5.45884811306	0.536253536511
LN	5.25,7.25	178380	-4.70364671822	-4.82301701486	0.119370296634
LP	5.25,7.25	176125	-4.71636885424	-4.83785053745	0.121481683208
LQ	5.25,7.25	175472	-4.72008333844	-4.91076844691	0.190685108466
LR	5.25,7.25	231311	-4.44379969907	-4.6001394087	0.156339709632
LS	5.25,7.25	294373	-4.20271515377	-4.46005453626	0.257339382495
LT	5.25,7.25	280621	-4.25055781996	-4.53688020413	0.286322384164
LV	5.25,7.25	485871	-3.70161966789	-4.2320989263	0.53047925841
LW	5.25,7.25	89051	-5.39835358514	-5.86659082697	0.468237241826
LY	5.25,7.25	229746	-4.4505884736	-4.92602712936	0.475438655757
MM	5.25,7.25	17552	-7.02239492093	-7.63554392557	0.613149004646
MN	5.25,7.25	38315	-6.24172136004	-6.30655674261	0.0648353825689
MP	5.25,7.25	36084	-6.30171327067	-6.3213902652	0.0196769945339
MQ	5.25,7.25	33253	-6.38341783586	-6.39430817466	0.0108903387938
MR	5.25,7.25	45032	-6.0801894763	-6.08367913645	0.00348966015246
MS	5.25,7.25	58425	-5.81981894404	-5.94359426401	0.123775319978
MT	5.25,7.25	57615	-5.83377987399	-6.02041993188	0.186640057883
MV	5.25,7.25	102427	-5.25841247473	-5.71563865405	0.457226179317
MW	5.25,7.25	20084	-6.88763934629	-7.35013055472	0.46249120843
MY	5.25,7.25	50745	-5.96074973356	-6.40956685711	0.448817123553
NN	5.25,7.25	20975	-6.84423157211	-6.36387753969	-0.480354032419
NP	5.25,7.25	34267	-6.35338003253	-5.685559167	-0.667820865531
NQ	5.25,7.25	29784	-6.49359148789	-5.75847707646	-0.735114411434
NR	5.25,7.25	37318	-6.26808704048	-5.44784803825	-0.820239002236
NS	5.25,7.25	63591	-5.73509087356	-5.30776316581	-0.427327707751
NT	5.25,7.25	59129	-5.80784132666	-5.38458883367	-0.423252492985
NV	5.25,7.25	126281	-5.04905324189	-5.07980755585	0.0307543139586
NW	5.25,7.25	28377	-6.54198386656	-6.71429945651	0.172315589954
NY	5.25,7.25	68075	-5.6669527859	-5.77373575891	0.10678297301
PP	5.25,7.25	20133	-6.88520256462	-6.39354465533	-0.491657909284
PQ	5.25,7.25	27485	-6.57392242315	-5.77331059905	-0.800611824099
PR	5.25,7.25	37547	-6.26196934292	-5.46268156084	-0.799287782075
PS	5.25,7.25	57479	-5.83614316076	-5.3225966884	-0.513546472352
PT	5.25,7.25	55838	-5.86510818327	-5.39942235627	-0.465685826999
PV	5.25,7.25	126218	-5.04955225378	-5.09464107844	0.0450888246639
PW	5.25,7.25	29847	-6.49147849218	-6.72913297911	0.237654486923
PY	5.25,7.25	67696	-5.67253573048	-5.7885692815	0.11603355102
QQ	5.25,7.25	13272	-7.30190627157	-6.53938083621	-0.76252543536
QR	5.25,7.25	33986	-6.36161414935	-5.5355994703	-0.826014679048
QS	5.25,7.25	48882	-5.9981535939	-5.39551459786	-0.602638996041
QT	5.25,7.25	50224	-5.97106982436	-5.47234026573	-0.498729558634
QV	5.25,7.25	111872	-5.17020746387	-5.1675589879	-0.00264847596558
QW	5.25,7.25	27832	-6.56137638661	-6.80205088857	0.240674501956
QY	5.25,7.25	59094	-5.80843342804	-5.86148719096	0.0530537629169
RR	5.25,7.25	23912	-6.71318239948	-5.91812138543	-0.795061014045
RS	5.25,7.25	65261	-5.70916821009	-5.08488555965	-0.624282650435
RT	5.25,7.25	67334	-5.67789751479	-5.16171122752	-0.516186287267
RV	5.25,7.25	159497	-4.81553771119	-4.85692994969	0.0413922385046
RW	5.25,7.25	37705	-6.25777011281	-6.49142185036	0.233651737554
RY	5.25,7.25	80441	-5.50003882801	-5.55085815275	0.0508193247472
SS	5.25,7.25	57827	-5.83010702982	-5.6379511474	-0.192155882428
ST	5.25,7.25	95007	-5.33361225136	-5.02162635508	-0.311985896282
SV	5.25,7.25	203355	-4.57260960426	-4.71684507726	0.144235472996
SW	5.25,7.25	41422	-6.16375068381	-6.35133697792	0.187586294115
SY	5.25,7.25	96459	-5.31844477686	-5.41077328032	0.0923285034518
TT	5.25,7.25	48384	-6.0083936439	-5.79160274501	-0.216790898889
TV	5.25,7.25	207447	-4.5526869391	-4.79367074512	0.240983806018
TW	5.25,7.25	42086	-6.14784768064	-6.42816264579	0.280314965142
TY	5.25,7.25	98942	-5.29302900459	-5.48759894818	0.194569943587
VV	5.25,7.25	189582	-4.64274117585	-5.18203925895	0.5392980831
VW	5.25,7.25	64167	-5.72607376461	-6.12338136796	0.397307603352
VY	5.25,7.25	168935	-4.7580487989	-5.18281767036	0.42476887145
WW	5.25,7.25	9206	-7.66770737906	-8.45103383598	0.783326456912
WY	5.25,7.25	38298	-6.24216514896	-6.81730957102	0.575144422062
YY	5.25,7.25	49555	-5.9844796606	-6.56989828026	0.585418619659
AA	6.25,8.25	112654	-4.74799223162	-5.06957079438	0.321578562762
AC	6.25,8.25	56190	-5.44357460095	-5.83710421253	0.393529611578
AD	6.25,8.25	55090	-5.46334519459	-4.89304881334	-0.570296381248
AE	6.25,8.25	58140	-5.40945951095	-4.75882500227	-0.65063450868
AF	6.25,8.25	141440	-4.52043780719	-4.80107270201	0.280634894819
AG	6.25,8.25	102759	-4.8399269653	-4.74849383342	-0.0914331318766
AH	6.25,8.25	39437	-5.79760894414	-5.56309796985	-0.234510974297
AI	6.25,8.25	227272	-4.04616586802	-4.43289818047	0.386732312451
AK	6.25,8.25	43774	-5.69327337226	-4.90897767458	-0.784295697673
AL	6.25,8.25	365416	-3.57127697546	-3.98674288949	0.415465914026
AM	6.25,8.25	70556	-5.21590668533	-5.53752832047	0.321621635143
AN	6.25,8.25	45795	-5.64813849122	-5.1716851165	-0.476453374727
AP	6.25,8.25	47255	-5.61675493763	-5.20368486831	-0.413070069316
AQ	6.25,8.25	38936	-5.81039413355	-5.27282877979	-0.537565353754
AR	6.25,8.25	52419	-5.51304428505	-4.9274862399	-0.585558045148
AS	6.25,8.25	97764	-4.88975699496	-4.75392993735	-0.13582705761
AT	6.25,8.25	89135	-4.98216133167	-4.76777563803	-0.214385693644
AV	6.25,8.25	251328	-3.94555454712	-4.2559765635	0.310422016374
AW	6.25,8.25	44123	-5.68533221763	-5.87814870873	0.192816491098
AY	6.25,8.25	98008	-4.88726429809	-4.97974335665	0.092479058566
CC	6.25,8.25	19419	-6.50606143785	-7.9909492134	1.48488777556
CD	6.25,8.25	19010	-6.52734824958	-6.35373265595	-0.173615593628
CE	6.25,8.25	18401	-6.55990839511	-6.21950884487	-0.340399550242
CF	6.25,8.25	41492	-5.74681276851	-6.26175654461	0.514943776104
CG	6.25,8.25	33784	-5.95232608845	-6.20917767602	0.256851587578
CH	6.25,8.25	16266	-6.68323636633	-7.02378181245	0.34054544612
CI	6.25,8.25	59806	-5.38120741571	-5.89358202308	0.512374607374
CK	6.25,8.25	15545	-6.72857436257	-6.36966151719	-0.358912845379
CL	6.25,8.25	93427	-4.93513302339	-5.44742673209	0.512293708704
CM	6.25,8.25	21244	-6.41623890352	-6.99821216308	0.581973259559
CN	6.25,8.25	17833	-6.59126273261	-6.6323689591	0.0411062264932
CP	6.25,8.25	17404	-6.61561334122	-6.66436871092	0.0487553697004
CQ	6.25,8.25	13978	-6.83482874102	-6.7335126224	-0.101316118626
CR	6.25,8.25	16884	-6.64594697816	-6.38817008251	-0.257776895648
CS	6.25,8.25	35283	-5.90891214454	-6.21461377996	0.305701635416
CT	6.25,8.25	28893	-6.10871405483	-6.22845948063	0.119745425804
CV	6.25,8.25	64265	-5.30929824651	-5.7166604061	0.407362159586
CW	6.25,8.25	14276	-6.81373360045	-7.33883255133	0.525098950884
CY	6.25,8.25	31722	-6.0153029596	-6.44042719926	0.42512423966
DD	6.25,8.25	9673	-7.20297490688	-6.10282987528	-1.1001450316
DE	6.25,8.25	13821	-6.84612423146	-5.27545344568	-1.57067078577
DF	6.25,8.25	61911	-5.3466155362	-5.31770114542	-0.0289143907724
DG	6.25,8.25	31732	-6.01498777064	-5.26512227684	-0.7498654938
DH	6.25,8.25	15639	-6.72254561162	-6.07972641327	-0.642819198357
DI	6.25,8.25	88778	-4.98617453452	-4.94952662389	-0.0366479106283
DK	6.25,8.25	10998	-7.07459996799	-5.425606118	-1.64899384999
DL	6.25,8.25	127457	-4.62453435326	-4.50337133291	-0.121163020358
DM	6.25,8.25	26197	-6.20666850568	-6.05415676389	-0.152511741794
DN	6.25,8.25	16127	-6.69181852008	-5.68831355991	-1.00350496017
DP	6.25,8.25	15156	-6.75391691292	-5.72031331173	-1.03360360119
DQ	6.25,8.25	11089	-7.06635978011	-5.78945722321	-1.2769025569
DR	6.25,8.25	17537	-6.60800047139	-5.44411468332	-1.16388578807
DS	6.25,8.25	28742	-6.11395393842	-5.27055838077	-0.843395557656
DT	6.25,8.25	30525	-6.05376738608	-5.28440408145	-0.769363304633
DV	6.25,8.25	90684	-4.96493247025	-4.77260500691	-0.192327463337
DW	6.25,8.25	18580	-6.55022767269	-6.39477715215	-0.155450520545
DY	6.25,8.25	40658	-5.76711778748	-5.49637180007	-0.270745987409
EE	6.25,8.25	8506	-7.33154160925	-5.83438157009	-1.49716003916
EF	6.25,8.25	69601	-5.22953447102	-5.18347733435	-0.0460571366774
EG	6.25,8.25	26797	-6.18402346512	-5.13089846576	-1.05312499937
EH	6.25,8.25	16702	-6.65678493335	-5.94550260219	-0.711282331159
EI	6.25,8.25	93963	-4.92941231832	-4.81530281281	-0.114109505501
EK	6.25,8.25	10977	-7.07651123137	-5.29138230692	-1.78512892445
EL	6.25,8.25	140667	-4.52591801104	-4.36914752183	-0.156770489216
EM	6.25,8.25	27428	-6.16074901665	-5.91993295281	-0.240816063844
EN	6.25,8.25	13033	-6.90482880353	-5.55408974883	-1.35073905469
EP	6.25,8.25	13336	-6.88184626063	-5.58608950065	-1.29575675997
EQ	6.25,8.25	11312	-7.04644929692	-5.65523341213	-1.39121588479
ER	6.25,8.25	18467	-6.55632805061	-5.30989087224	-1.24643717837
ES	6.25,8.25	25863	-6.21950003018	-5.13633456969	-1.08316546049
ET	6.25,8.25	27709	-6.15055613591	-5.15018027037	-1.00037586554
EV	6.25,8.25	96786	-4.89981105035	-4.63838119584	-0.261429854518
EW	6.25,8.25	19329	-6.51070684725	-6.26055334107	-0.250153506185
EY	6.25,8.25	40357	-5.77454854437	-5.36214798899	-0.412400555384
FF	6.25,8.25	71068	-5.2086762409	-5.91887717476	0.710200933852
FG	6.25,8.25	74550	-5.16084336487	-5.1731461655	0.0123028006333
FH	6.25,8.25	42289	-5.72778640112	-5.98775030193	0.259963900804
FI	6.25,8.25	189191	-4.2295563193	-4.85755051256	0.627994193254
FK	6.25,8.25	60440	-5.37066226867	-5.33363000666	-0.0370322620095
FL	6.25,8.25	294247	-3.7878938554	-4.41139522157	0.623501366168
FM	6.25,8.25	61020	-5.36111172679	-5.96218065255	0.601068925763
FN	6.25,8.25	53221	-5.49786035078	-5.59633744858	0.0984770978003
FP	6.25,8.25	49328	-5.57382153493	-5.62833720039	0.0545156654616
FQ	6.25,8.25	45577	-5.65291020277	-5.69748111187	0.0445709091049
FR	6.25,8.25	61367	-5.35544117469	-5.35213857198	-0.00330260270531
FS	6.25,8.25	83232	-5.05068151681	-5.17858226943	0.127900752621
FT	6.25,8.25	90350	-4.96862238904	-5.19242797011	0.223805581071
FV	6.25,8.25	205376	-4.14747096059	-4.68062889558	0.533157934987
FW	6.25,8.25	43607	-5.69709571815	-6.30280104081	0.605705322658
FY	6.25,8.25	101874	-4.84857665051	-5.40439568873	0.555819038217
GG	6.25,8.25	28892	-6.10874866589	-5.81371918352	-0.295029482368
GH	6.25,8.25	22626	-6.35321371857	-5.93517143334	-0.418042285232
GI	6.25,8.25	111510	-4.7581991331	-4.80497164397	0.0467725108682
GK	6.25,8.25	20484	-6.45266931248	-5.28105113808	-1.1716181744
GL	6.25,8.25	164414	-4.36992576893	-4.35881635298	-0.0111094159489
GM	6.25,8.25	35150	-5.91268878782	-5.90960178396	-0.00308700385623
GN	6.25,8.25	25990	-6.21460155742	-5.54375857999	-0.670842977435
GP	6.25,8.25	26984	-6.17706930832	-5.57575833181	-0.60131097651
GQ	6.25,8.25	20647	-6.44474337567	-5.64490224328	-0.79984113239
GR	6.25,8.25	27017	-6.17584710858	-5.2995597034	-0.876287405179
GS	6.25,8.25	53938	-5.48447816729	-5.12600340084	-0.358474766444
GT	6.25,8.25	45334	-5.65825610323	-5.13984910152	-0.518407001712
GV	6.25,8.25	119782	-4.6866399821	-4.62805002699	-0.058589955113
GW	6.25,8.25	24537	-6.27213122366	-6.25022217222	-0.0219090514351
GY	6.25,8.25	51876	-5.5234571506	-5.35181682014	-0.171640330459
HH	6.25,8.25	9400	-7.2316037168	-7.44293337794	0.211329661142
HI	6.25,8.25	54442	-5.47517749128	-5.6195757804	0.144398289121
HK	6.25,8.25	9327	-7.23939998633	-6.0956552745	-1.14374471183
HL	6.25,8.25	85614	-5.0224645849	-5.17342048941	0.150955904509
HM	6.25,8.25	18545	-6.55211319514	-6.72420592039	0.172092725257
HN	6.25,8.25	13117	-6.89840430724	-6.35836271642	-0.540041590827
HP	6.25,8.25	13140	-6.89665239302	-6.39036246824	-0.506289924785
HQ	6.25,8.25	11093	-7.06599912732	-6.45950637971	-0.606492747608
HR	6.25,8.25	14592	-6.79183997274	-6.11416383983	-0.677676132919
HS	6.25,8.25	23223	-6.32717023919	-5.94060753727	-0.386562701914
HT	6.25,8.25	23123	-6.33148561291	-5.95445323795	-0.377032374954
HV	6.25,8.25	57539	-5.41985042732	-5.44265416342	0.0228037360982
HW	6.25,8.25	14129	-6.82408398329	-7.06482630865	0.240742325356
HY	6.25,8.25	28771	-6.11294547069	-6.16642095657	0.053475485884
II	6.25,8.25	160911	-4.39146198897	-5.18252660396	0.791064614987
IK	6.25,8.25	84229	-5.03877412607	-4.96545548513	-0.0733186409433
IL	6.25,8.25	453274	-3.35581660693	-4.04322070004	0.687404093103
IM	6.25,8.25	87723	-4.99812928339	-5.59400613102	0.595876847634
IN	6.25,8.25	73129	-5.18008840117	-5.22816292704	0.0480745258778
IP	6.25,8.25	67005	-5.2675461626	-5.26016267886	-0.00738348374158
IQ	6.25,8.25	60119	-5.37598747473	-5.32930659034	-0.0466808843901
IR	6.25,8.25	77225	-5.12559016727	-4.98396405045	-0.141626116819
IS	6.25,8.25	123354	-4.65725513558	-4.8104077479	0.153152612323
IT	6.25,8.25	130992	-4.59717715344	-4.82425344858	0.227076295135
IV	6.25,8.25	321750	-3.6985385596	-4.31245437404	0.613915814444
IW	6.25,8.25	53813	-5.48679833241	-5.93462651928	0.447828186866
IY	6.25,8.25	134174	-4.573175941	-5.0362211672	0.463045226205
KK	6.25,8.25	2960	-8.38712413774	-6.13468768507	-2.25243645267
KL	6.25,8.25	115672	-4.72155480635	-4.51930019414	-0.202254612207
KM	6.25,8.25	22305	-6.3675025375	-6.07008562513	-0.297416912369
KN	6.25,8.25	9601	-7.21044614636	-5.70424242115	-1.50620372521
KP	6.25,8.25	9884	-7.18139611795	-5.73624217297	-1.44515394498
KQ	6.25,8.25	8283	-7.35810818446	-5.80538608445	-1.55272210001
KR	6.25,8.25	8725	-7.30612093799	-5.46004354456	-1.84607739343
KS	6.25,8.25	19951	-6.47903413868	-5.28648724201	-1.19254689668
KT	6.25,8.25	21159	-6.42024805918	-5.30033294269	-1.1199151165
KV	6.25,8.25	80050	-5.08966196663	-4.78853386815	-0.301128098482
KW	6.25,8.25	15233	-6.74884927892	-6.41070601338	-0.338143265538
KY	6.25,8.25	33939	-5.94774861046	-5.51230066131	-0.435447949157
LL	6.25,8.25	378061	-3.53725784782	-4.29021478662	0.752956938802
LM	6.25,8.25	136595	-4.55529306283	-5.14785084003	0.592557777202
LN	6.25,8.25	102222	-4.84516648729	-4.78200763606	-0.0631588512285
LP	6.25,8.25	105127	-4.81714426299	-4.81400738788	-0.00313687511843
LQ	6.25,8.25	95635	-4.91177454423	-4.88315129935	-0.0286232448813
LR	6.25,8.25	124401	-4.64880318722	-4.53780875947	-0.110994427753
LS	6.25,8.25	186067	-4.24620658217	-4.36425245691	0.118045874741
LT	6.25,8.25	192379	-4.21284602141	-4.37809815759	0.16525213618
LV	6.25,8.25	490089	-3.27772639881	-3.86629908306	0.588572684245
LW	6.25,8.25	88271	-4.99190177823	-5.48847122829	0.496569450058
LY	6.25,8.25	201157	-4.16822770839	-4.59006587621	0.421838167827
MM	6.25,8.25	15218	-6.74983446832	-7.39179381089	0.641959342566
MN	6.25,8.25	21578	-6.40063912895	-6.33279306704	-0.0678460619077
MP	6.25,8.25	21268	-6.41510981043	-6.36479281886	-0.0503169915756
MQ	6.25,8.25	18767	-6.54021339777	-6.43393673034	-0.106276667431
MR	6.25,8.25	23979	-6.29513495876	-6.08859419045	-0.206540768315
MS	6.25,8.25	36077	-5.8866578629	-5.9150378879	0.0283800249975
MT	6.25,8.25	38239	-5.82845746886	-5.92888358857	0.100426119711
MV	6.25,8.25	93688	-4.93234329334	-5.41708451404	0.484741220704
MW	6.25,8.25	18347	-6.56284733268	-7.03925665927	0.476409326593
MY	6.25,8.25	39977	-5.78400911734	-6.1408513072	0.356842189857
NN	6.25,8.25	7325	-7.48102025117	-6.66010422895	-0.820916022222
NP	6.25,8.25	13455	-6.8729626219	-5.99894961488	-0.874013007015
NQ	6.25,8.25	10952	-7.07879131809	-6.06809352636	-1.01069779173
NR	6.25,8.25	13008	-6.90674885327	-5.72275098647	-1.1839978668
NS	6.25,8.25	26087	-6.21087630012	-5.54919468392	-0.661681616205
NT	6.25,8.25	25763	-6.22337405199	-5.5630403846	-0.660333667396
NV	6.25,8.25	70073	-5.22277585028	-5.05124131006	-0.171534540218
NW	6.25,8.25	15913	-6.70517702085	-6.6734134553	-0.0317635655519
NY	6.25,8.25	33165	-5.9708183031	-5.77500810322	-0.195810199879
PP	6.25,8.25	8475	-7.33519275281	-6.72410396624	-0.611088786572
PQ	6.25,8.25	10421	-7.12849040507	-6.10009327818	-1.02839712689
PR	6.25,8.25	13242	-6.88891980957	-5.75475073829	-1.13416907128
PS	6.25,8.25	24807	-6.26118753467	-5.58119443574	-0.67999309893
PT	6.25,8.25	25311	-6.24107432223	-5.59504013642	-0.646034185808
PV	6.25,8.25	73793	-5.17104952992	-5.08324106188	-0.0878084680338
PW	6.25,8.25	16451	-6.67192714044	-6.70541320712	0.0334860666765
PY	6.25,8.25	34474	-5.93210798934	-5.80700785504	-0.125100134305
QQ	6.25,8.25	5223	-7.81924145662	-6.86239232032	-0.956849136301
QR	6.25,8.25	11175	-7.05863426558	-5.82389464977	-1.23473961581
QS	6.25,8.25	19719	-6.49073076813	-5.65033834722	-0.840392420911
QT	6.25,8.25	21188	-6.41887842239	-5.66418404789	-0.7546943745
QV	6.25,8.25	61795	-5.34849095104	-5.15238497336	-0.196105977674
QW	6.25,8.25	15538	-6.72902476955	-6.77455711859	0.0455323490445
QY	6.25,8.25	29284	-6.09527211429	-5.87615176652	-0.219120347776
RR	6.25,8.25	7487	-7.45914522283	-6.17170491893	-1.28744030389
RS	6.25,8.25	25497	-6.23375260789	-5.30499580733	-0.928756800563
RT	6.25,8.25	26287	-6.20323888568	-5.31884150801	-0.884397377668
RV	6.25,8.25	86550	-5.01159112445	-4.80704243347	-0.204548690981
RW	6.25,8.25	19389	-6.50760751113	-6.42921457871	-0.0783929324217
RY	6.25,8.25	39961	-5.78440942758	-5.53080922663	-0.253600200955
SS	6.25,8.25	25620	-6.22894010961	-5.82459141704	-0.404348692572
ST	6.25,8.25	45224	-5.6606854867	-5.14528520545	-0.51540028125
SV	6.25,8.25	123855	-4.65320187954	-4.63348613092	-0.019715748619
SW	6.25,8.25	25954	-6.21598766576	-6.25565827615	0.0396706103908
SY	6.25,8.25	54591	-5.47244437208	-5.35725292408	-0.115191448002
TT	6.25,8.25	23200	-6.3281611274	-5.85228288436	-0.475878243042
TV	6.25,8.25	136561	-4.55554200483	-4.6473318316	0.09178982677
TW	6.25,8.25	27815	-6.14673796255	-6.26950397683	0.122766014282
TY	6.25,8.25	57213	-5.42553226079	-5.37109862475	-0.054433636032
VV	6.25,8.25	186210	-4.24543833698	-4.82868281342	0.583244476441
VW	6.25,8.25	61092	-5.35993248137	-5.7577049023	0.397772420929
VY	6.25,8.25	141738	-4.51833312314	-4.85929955022	0.340966427083
WW	6.25,8.25	9127	-7.26107635254	-8.07303879144	0.811962438902
WY	6.25,8.25	32184	-6.00084397143	-6.48147169545	0.480627724024
YY	6.25,8.25	35588	-5.90030490369	-6.27621945438	0.375914550683
AA	7.25,inf	87843	-4.67742979598	-4.92435926794	0.246929471955
AC	7.25,inf	43981	-5.36922320369	-5.54085417586	0.171630972172
AD	7.25,inf	27689	-5.83194570376	-5.16478749134	-0.667158212412
AE	7.25,inf	26383	-5.88026106283	-5.13901545846	-0.741245604363
AF	7.25,inf	122065	-4.34842723643	-4.47549818858	0.127070952151
AG	7.25,inf	79934	-4.77177963199	-4.79671470356	0.0249350715672
AH	7.25,inf	24667	-5.94751460821	-5.57419665071	-0.373317957494
AI	7.25,inf	201533	-3.84702778648	-4.1064273206	0.259399534122
AK	7.25,inf	15591	-6.40628710147	-5.30207301173	-1.10421408974
AL	7.25,inf	296189	-3.46198316209	-3.68397643021	0.221993268119
AM	7.25,inf	57451	-5.10204851558	-5.31363236199	0.211583846411
AN	7.25,inf	24350	-5.96044907664	-5.39406886105	-0.566380215585
AP	7.25,inf	29189	-5.77918900019	-5.37186199437	-0.407327005821
AQ	7.25,inf	18771	-6.22066780048	-5.51417182811	-0.706495972368
AR	7.25,inf	21399	-6.0896367342	-5.19110283765	-0.898533896549
AS	7.25,inf	60829	-5.04491427723	-4.84508487345	-0.199829403776
AT	7.25,inf	59133	-5.07319178195	-4.8419100841	-0.23128169785
AV	7.25,inf	222361	-3.74867873888	-3.9757847324	0.227105993518
AW	7.25,inf	32236	-5.6798970857	-5.58461041439	-0.0952866713139
AY	7.25,inf	65183	-4.97578222743	-4.771309064	-0.204473163425
CC	7.25,inf	11888	-6.67745143819	-7.543666127	0.866214688807
CD	7.25,inf	8721	-6.98724701592	-6.47443440079	-0.512812615131
CE	7.25,inf	7920	-7.08358972034	-6.44866236791	-0.63492735243
CF	7.25,inf	39470	-5.47744003649	-5.78514509802	0.307705061534
CG	7.25,inf	23616	-5.99105647775	-6.10636161301	0.115305135258
CH	7.25,inf	9727	-6.87807540228	-6.88384356016	0.00576815788158
CI	7.25,inf	55050	-5.144739063	-5.41607423004	0.271335167047
CK	7.25,inf	5137	-7.51651167468	-6.61171992117	-0.904791753508
CL	7.25,inf	81524	-4.75208347074	-4.99362333966	0.241539868915
CM	7.25,inf	18009	-6.26210929323	-6.62327927144	0.361169978212
CN	7.25,inf	9232	-6.9303052164	-6.7037157705	-0.226589445901
CP	7.25,inf	9705	-6.88033970954	-6.68150890382	-0.198830805725
CQ	7.25,inf	6114	-7.3423997027	-6.82381873756	-0.518580965138
CR	7.25,inf	7006	-7.20621400139	-6.5007497471	-0.705464254292
CS	7.25,inf	21577	-6.08135299361	-6.1547317829	0.0733787892871
CT	7.25,inf	17761	-6.27597588388	-6.15155699355	-0.124418890332
CV	7.25,inf	60081	-5.05728727437	-5.28543164184	0.228144367469
CW	7.25,inf	12921	-6.59412703143	-6.89425732384	0.30013029241
CY	7.25,inf	21385	-6.09029118449	-6.08095597345	-0.00933521103817
DD	7.25,inf	4232	-7.71030623161	-6.79152715947	-0.918779072136
DE	7.25,inf	5866	-7.38380795561	-6.07259568339	-1.31121227222
DF	7.25,inf	30056	-5.74991861789	-5.40907841351	-0.340840204387
DG	7.25,inf	17538	-6.28861097081	-5.73029492849	-0.558316042321
DH	7.25,inf	8387	-7.02629803816	-6.50777687564	-0.518521162521
DI	7.25,inf	46645	-5.31041518575	-5.04000754553	-0.270407640226
DK	7.25,inf	4164	-7.72650477541	-6.23565323666	-1.49085153876
DL	7.25,inf	58748	-5.07972381627	-4.61755665514	-0.462167161135
DM	7.25,inf	12895	-6.59614128683	-6.24721258692	-0.348928699911
DN	7.25,inf	6531	-7.27642085525	-6.32764908598	-0.948771769264
DP	7.25,inf	6455	-7.28812590187	-6.3054422193	-0.982683682565
DQ	7.25,inf	4802	-7.58394842837	-6.44775205304	-1.13619637533
DR	7.25,inf	7011	-7.20550058194	-6.12468306258	-1.08081751936
DS	7.25,inf	13580	-6.54438280404	-5.77866509838	-0.765717705657
DT	7.25,inf	14466	-6.48117985774	-5.77549030903	-0.705689548708
DV	7.25,inf	46913	-5.30468610362	-4.90936495733	-0.395321146295
DW	7.25,inf	9202	-6.93356007443	-6.51819063932	-0.415369435114
DY	7.25,inf	18638	-6.2277784188	-5.70488928893	-0.522889129871
EE	7.25,inf	4240	-7.70841765692	-6.73998278171	-0.968434875208
EF	7.25,inf	31541	-5.70169263936	-5.38330638063	-0.318386258737
EG	7.25,inf	13508	-6.54969882364	-5.70452289561	-0.845175928036
EH	7.25,inf	9495	-6.9022155819	-6.48200484276	-0.42021073914
EI	7.25,inf	43088	-5.3897363901	-5.01423551265	-0.375500877451
EK	7.25,inf	3788	-7.82114275084	-6.20988120377	-1.61126154707
EL	7.25,inf	56395	-5.12060042407	-4.59178462226	-0.528815801816
EM	7.25,inf	12119	-6.65820645718	-6.22144055404	-0.436765903139
EN	7.25,inf	5580	-7.43379214977	-6.3018770531	-1.13191509667
EP	7.25,inf	5995	-7.36205513769	-6.27967018642	-1.08238495127
EQ	7.25,inf	4824	-7.57937746674	-6.42198002016	-1.15739744658
ER	7.25,inf	7630	-7.12089308087	-6.0989110297	-1.02198205117
ES	7.25,inf	11836	-6.68183519163	-5.7528930655	-0.928942126131
ET	7.25,inf	12913	-6.5947463703	-5.74971827615	-0.845028094151
EV	7.25,inf	43610	-5.37769444431	-4.88359292444	-0.494101519867
EW	7.25,inf	9396	-6.91269685937	-6.49241860644	-0.420278252932
EY	7.25,inf	18327	-6.24460554383	-5.67911725605	-0.56548828778
FF	7.25,inf	82906	-4.73527349029	-5.4129424463	0.677668956016
FG	7.25,inf	58344	-5.08662440048	-5.04100562572	-0.0456187747619
FH	7.25,inf	29443	-5.77052473532	-5.81848757288	0.0479628375539
FI	7.25,inf	216282	-3.77639781442	-4.35071824276	0.574320428338
FK	7.25,inf	23416	-5.99956137678	-5.54636393389	-0.453197442887
FL	7.25,inf	305825	-3.42996788323	-3.92826735237	0.49829946914
FM	7.25,inf	62086	-5.02446040548	-5.55792328416	0.53346287868
FN	7.25,inf	27866	-5.82557361847	-5.63835978322	-0.187213835259
FP	7.25,inf	29305	-5.77522277624	-5.61615291654	-0.159069859701
FQ	7.25,inf	22938	-6.02018600222	-5.75846275028	-0.261723251947
FR	7.25,inf	28218	-5.81302085397	-5.43539375982	-0.377627094159
FS	7.25,inf	55771	-5.13172690514	-5.08937579561	-0.0423511095255
FT	7.25,inf	61786	-5.02930412458	-5.08620100627	0.0568968816833
FV	7.25,inf	214577	-3.78431227785	-4.22007565456	0.435763376706
FW	7.25,inf	44861	-5.34941210575	-5.82890133655	0.479489230804
FY	7.25,inf	86117	-4.69727408939	-5.01559998617	0.318325896775
GG	7.25,inf	22251	-6.05059397474	-6.05537780781	0.00478383307012
GH	7.25,inf	15577	-6.40718545882	-6.13970408786	-0.267481370964
GI	7.25,inf	93580	-4.61416424073	-4.67193475774	0.0577705170138
GK	7.25,inf	8236	-7.044466137	-5.86758044887	-1.17688568813
GL	7.25,inf	128354	-4.29818885455	-4.24948386735	-0.0487049871967
GM	7.25,inf	27336	-5.84477641135	-5.87913979914	0.034363387784
GN	7.25,inf	14880	-6.45296289676	-5.9595762982	-0.493386598565
GP	7.25,inf	17094	-6.31425340142	-5.93736943152	-0.376883969905
GQ	7.25,inf	10810	-6.77250929451	-6.07967926526	-0.692830029258
GR	7.25,inf	12991	-6.58872411615	-5.7566102748	-0.832113841356
GS	7.25,inf	35279	-5.5896930401	-5.41059231059	-0.179100729507
GT	7.25,inf	31752	-5.69502521069	-5.40741752125	-0.287607689439
GV	7.25,inf	102332	-4.52475849665	-4.54129216954	0.0165336728933
GW	7.25,inf	17528	-6.28918132387	-6.15011785153	-0.139063472339
GY	7.25,inf	33556	-5.63976524118	-5.33681650115	-0.302948740036
HH	7.25,inf	6562	-7.27168549163	-7.61035168228	0.338666190654
HI	7.25,inf	36405	-5.55827479832	-5.4494167049	-0.108858093423
HK	7.25,inf	3441	-7.91721879935	-6.64506239603	-1.27215640333
HL	7.25,inf	52830	-5.18590171499	-5.02696581451	-0.158935900481
HM	7.25,inf	11796	-6.68522043521	-6.65662174629	-0.0285986889211
HN	7.25,inf	7022	-7.20393284842	-6.73705824535	-0.466874603069
HP	7.25,inf	7641	-7.1194524415	-6.71485137867	-0.404601062829
HQ	7.25,inf	5769	-7.40048217089	-6.85716121241	-0.54332095848
HR	7.25,inf	6988	-7.20878653389	-6.53409222195	-0.674694311943
HS	7.25,inf	13618	-6.54158847911	-6.18807425775	-0.353514221357
HT	7.25,inf	13198	-6.5729156232	-6.1848994684	-0.388016154804
HV	7.25,inf	39125	-5.48621927731	-5.3187741167	-0.16744516061
HW	7.25,inf	9068	-6.94822919352	-6.92759979869	-0.0206293948325
HY	7.25,inf	17820	-6.27265950412	-6.1142984483	-0.158361055822
II	7.25,inf	176988	-3.9768989925	-4.67479881076	0.697899818259
IK	7.25,inf	33009	-5.65620067461	-5.17729306591	-0.478907608701
IL	7.25,inf	466766	-3.00715286474	-3.55919648439	0.552043619654
IM	7.25,inf	84525	-4.71593357757	-5.18885241618	0.472918838604
IN	7.25,inf	40046	-5.4629521328	-5.26928891524	-0.19366321756
IP	7.25,inf	44477	-5.35800872454	-5.24708204856	-0.110926675985
IQ	7.25,inf	29910	-5.75478805352	-5.3893918823	-0.365396171228
IR	7.25,inf	36234	-5.56298302161	-5.06632289184	-0.496660129777
IS	7.25,inf	81884	-4.74767731459	-4.72030492763	-0.0273723869554
IT	7.25,inf	91242	-4.63946560878	-4.71713013829	0.0776645295059
IV	7.25,inf	334573	-3.34012583423	-3.85100478658	0.510878952346
IW	7.25,inf	52703	-5.18830854624	-5.45983046857	0.27152192233
IY	7.25,inf	109793	-4.4543841514	-4.64652911819	0.192144966786
KK	7.25,inf	832	-9.33690376433	-7.06610000477	-2.27080375956
KL	7.25,inf	40733	-5.44594235144	-4.75484217552	-0.691100175915
KM	7.25,inf	8240	-7.04398058224	-6.3844981073	-0.65948247494
KN	7.25,inf	2979	-8.06139325243	-6.46493460636	-1.59645864607
KP	7.25,inf	3512	-7.89679525039	-6.44272773968	-1.45406751071
KQ	7.25,inf	2781	-8.13017035091	-6.58503757342	-1.54513277749
KR	7.25,inf	2563	-8.21180247878	-6.26196858296	-1.94983389582
KS	7.25,inf	6858	-7.22756507213	-5.91595061876	-1.31161445336
KT	7.25,inf	7787	-7.10052524957	-5.91277582941	-1.18774942016
KV	7.25,inf	30929	-5.72128667106	-5.04665047771	-0.674636193353
KW	7.25,inf	6053	-7.35242690926	-6.6554761597	-0.696950749555
KY	7.25,inf	11708	-6.69270855734	-5.84217480931	-0.850533748023
LL	7.25,inf	367793	-3.24546064626	-3.82989556373	0.584434917469
LM	7.25,inf	121767	-4.35087154356	-4.76640152579	0.415529982228
LN	7.25,inf	51232	-5.21661658935	-4.84683802485	-0.369778564504
LP	7.25,inf	62753	-5.01377454053	-4.82463115817	-0.189143382364
LQ	7.25,inf	44516	-5.35713225105	-4.96694099191	-0.390191259147
LR	7.25,inf	51957	-5.20256447275	-4.64387200145	-0.558692471303
LS	7.25,inf	115423	-4.40437728519	-4.29785403724	-0.106523247947
LT	7.25,inf	126376	-4.3137193359	-4.2946792479	-0.0190400880016
LV	7.25,inf	476747	-2.98599497431	-3.42855389619	0.442558921881
LW	7.25,inf	81112	-4.75715001052	-5.03737957818	0.280229567669
LY	7.25,inf	153250	-4.12091035135	-4.2240782278	0.103167876448
MM	7.25,inf	13773	-6.53027077223	-7.08921886885	0.558948096623
MN	7.25,inf	11886	-6.67761968922	-6.47649395663	-0.201125732591
MP	7.25,inf	12848	-6.59979276896	-6.45428708995	-0.14550567901
MQ	7.25,inf	9450	-6.90696618466	-6.59659692369	-0.310369260969
MR	7.25,inf	10805	-6.77297193621	-6.27352793323	-0.499444002976
MS	7.25,inf	23664	-5.9890260202	-5.92750996903	-0.0615160511701
MT	7.25,inf	25595	-5.91058390626	-5.92433517968	0.0137512734243
MV	7.25,inf	86515	-4.69266311686	-5.05820982798	0.365546711118
MW	7.25,inf	16268	-6.36378093812	-6.66703550997	0.303254571847
MY	7.25,inf	31020	-5.71834876842	-5.85373415958	0.135385391163
NN	7.25,inf	3626	-7.86485081383	-7.25009305895	-0.614757754886
NP	7.25,inf	6751	-7.24329028411	-6.53472358901	-0.708566695095
NQ	7.25,inf	5268	-7.49133014228	-6.67703342275	-0.814296719535
NR	7.25,inf	5206	-7.50316911959	-6.35396443229	-1.1492046873
NS	7.25,inf	13359	-6.56079061116	-6.00794646809	-0.552844143072
NT	7.25,inf	13147	-6.57678733045	-6.00477167874	-0.572015651711
NV	7.25,inf	37977	-5.51600021284	-5.13864632703	-0.377353885808
NW	7.25,inf	8591	-7.00226578251	-6.74747200903	-0.254793773483
NY	7.25,inf	15660	-6.4018712356	-5.93417065864	-0.467700576963
PP	7.25,inf	4070	-7.74933792671	-7.20567898687	-0.54365893984
PQ	7.25,inf	4577	-7.63193716449	-6.65482655607	-0.977110608423
PR	7.25,inf	5084	-7.52688257284	-6.33175756561	-1.19512500723
PS	7.25,inf	13202	-6.5726125929	-5.98573960141	-0.586872991492
PT	7.25,inf	14229	-6.4976987906	-5.98256481206	-0.515133978542
PV	7.25,inf	48425	-5.27296471687	-5.11643946036	-0.156525256518
PW	7.25,inf	8955	-6.96076889065	-6.72526514235	-0.235503748306
PY	7.25,inf	17206	-6.30772276597	-5.91196379196	-0.395758974006
QQ	7.25,inf	2311	-8.31530059487	-7.49030096122	-0.824999633652
QR	7.25,inf	4177	-7.72338764065	-6.47406739935	-1.2493202413
QS	7.25,inf	8970	-6.9590952501	-6.12804943515	-0.831045814948
QT	7.25,inf	9664	-6.88457328497	-6.1248746458	-0.759698639173
QV	7.25,inf	31763	-5.69467883581	-5.2587492941	-0.435929541715
QW	7.25,inf	7971	-7.07717097072	-6.86757497609	-0.209595994633
QY	7.25,inf	13534	-6.54777588836	-6.0542736257	-0.493502262656
RR	7.25,inf	2761	-8.13738799322	-6.84415817907	-1.29322981415
RS	7.25,inf	10817	-6.77186195552	-5.80498044469	-0.966881510831
RT	7.25,inf	10711	-6.78170967538	-5.80180565534	-0.979904020043
RV	7.25,inf	39311	-5.48147654824	-4.93568030363	-0.545796244601
RW	7.25,inf	9060	-6.94911180611	-6.54450598563	-0.404605820484
RY	7.25,inf	16775	-6.33309124331	-5.73120463524	-0.601886608068
SS	7.25,inf	14461	-6.48152555553	-6.15211856818	-0.329406987351
ST	7.25,inf	26093	-5.89131384704	-5.45578769114	-0.435526155906
SV	7.25,inf	82394	-4.74146830744	-4.58966233943	-0.151805968004
SW	7.25,inf	16374	-6.35728621521	-6.19848802142	-0.158798193788
SY	7.25,inf	30611	-5.73162150468	-5.38518667104	-0.346434833643
TT	7.25,inf	14227	-6.4978393585	-6.14576896126	-0.352070397242
TV	7.25,inf	94910	-4.60005185202	-4.58648755008	-0.0135643019389
TW	7.25,inf	17397	-6.2966831486	-6.19531323208	-0.101369916527
TY	7.25,inf	32947	-5.6580807164	-5.38201188169	-0.276068834714
VV	7.25,inf	189252	-3.90990146587	-4.4135131132	0.503611647329
VW	7.25,inf	55667	-5.13359341441	-5.32918788037	0.19559446596
VY	7.25,inf	110400	-4.44887079232	-4.51588652998	0.0670157376615
WW	7.25,inf	7838	-7.09399722639	-7.63117940295	0.537182176559
WY	7.25,inf	25370	-5.91941355255	-6.12471221198	0.205298659422
YY	7.25,inf	22957	-6.01935802527	-6.00456631581	-0.0147917094633
