CLIQUE	DEPTH	OBS	LOG_OBS	LOG_EXP	LOG_ODD
AA	-inf,5.25	180178	-4.94816743221	-5.24077493876	0.292607506551
AC	-inf,5.25	38315	-6.49627121894	-6.44957678364	-0.0466944352988
AD	-inf,5.25	250170	-4.61997199659	-4.6083629021	-0.0116090944983
AE	-inf,5.25	273950	-4.52916707538	-4.39383152804	-0.135335547337
AF	-inf,5.25	93230	-5.60704312505	-5.42966744951	-0.177375675546
AG	-inf,5.25	284975	-4.48971122624	-4.53585460061	0.0461433743737
AH	-inf,5.25	87809	-5.66694868228	-5.55903054761	-0.107918134672
AI	-inf,5.25	145845	-5.15956826943	-5.07781089708	-0.0817573723509
AK	-inf,5.25	219590	-4.7503505121	-4.56746575123	-0.182884760869
AL	-inf,5.25	278923	-4.51117692529	-4.56755915026	0.0563822249641
AM	-inf,5.25	72436	-5.85940926998	-5.87673032473	0.01732105475
AN	-inf,5.25	165580	-5.03265822165	-4.95399027227	-0.0786679493843
AP	-inf,5.25	187598	-4.90781130783	-4.95070514074	0.0428938329105
AQ	-inf,5.25	161496	-5.05763230881	-5.03363355631	-0.0239987525
AR	-inf,5.25	217155	-4.76150129909	-4.71947211381	-0.0420291852792
AS	-inf,5.25	263869	-4.56665991549	-4.64797870457	0.0813187890766
AT	-inf,5.25	209557	-4.79711690463	-4.773165467	-0.0239514376337
AV	-inf,5.25	205002	-4.81909294817	-4.80461988005	-0.0144730681248
AW	-inf,5.25	37966	-6.50542166099	-6.36712484078	-0.138296820214
AY	-inf,5.25	98755	-5.54947064795	-5.34273729514	-0.206733352808
CC	-inf,5.25	12310	-7.63170074317	-9.04469501844	1.41299427528
CD	-inf,5.25	38919	-6.4806301201	-6.51031478879	0.0296846686805
CE	-inf,5.25	38940	-6.48009068342	-6.29578341473	-0.184307268688
CF	-inf,5.25	13242	-7.55871908686	-7.3316193362	-0.227099750663
CG	-inf,5.25	47770	-6.27571485596	-6.4378064873	0.162091631342
CH	-inf,5.25	16731	-7.32484939729	-7.4609824343	0.13613303701
CI	-inf,5.25	20316	-7.13070393042	-6.97976278377	-0.150941146653
CK	-inf,5.25	35710	-6.56668192176	-6.46941763792	-0.0972642838321
CL	-inf,5.25	33990	-6.61604631965	-6.46951103695	-0.146535282706
CM	-inf,5.25	10160	-7.82365424121	-7.77868221142	-0.04497202979
CN	-inf,5.25	29761	-6.74891387181	-6.85594215896	0.107028287145
CP	-inf,5.25	33979	-6.61636999663	-6.85265702743	0.2362870308
CQ	-inf,5.25	23996	-6.96422553357	-6.935585443	-0.0286400905745
CR	-inf,5.25	30686	-6.71830615884	-6.6214240005	-0.0968821583415
CS	-inf,5.25	45715	-6.31968621175	-6.54993059126	0.230244379511
CT	-inf,5.25	31946	-6.67806570599	-6.67511735369	-0.00294835230561
CV	-inf,5.25	26989	-6.84668330778	-6.70657176674	-0.14011154104
CW	-inf,5.25	5983	-8.35319056895	-8.26907672747	-0.084113841486
CY	-inf,5.25	16134	-7.36118383685	-7.24468918183	-0.116494655015
DD	-inf,5.25	114546	-5.40113619432	-5.36225112822	-0.0388850660962
DE	-inf,5.25	265424	-4.56078413601	-4.45456953319	-0.106214602826
DF	-inf,5.25	104444	-5.49346164076	-5.49040545465	-0.00305618611036
DG	-inf,5.25	236577	-4.67583894702	-4.59659260576	-0.0792463412672
DH	-inf,5.25	95510	-5.58288172931	-5.61976855275	0.036886823437
DI	-inf,5.25	158841	-5.07420898147	-5.13854890223	0.0643399207507
DK	-inf,5.25	285747	-4.48700587943	-4.62820375638	0.14119787695
DL	-inf,5.25	257280	-4.59194769737	-4.6282971554	0.0363494580321
DM	-inf,5.25	70753	-5.88291774491	-5.93746832988	0.0545505849667
DN	-inf,5.25	175971	-4.97179347463	-5.01472827741	0.0429348027841
DP	-inf,5.25	177937	-4.9606831283	-5.01144314588	0.0507600175795
DQ	-inf,5.25	156411	-5.08962552524	-5.09437156145	0.00474603620933
DR	-inf,5.25	243509	-4.64695878054	-4.78021011895	0.133251338417
DS	-inf,5.25	236244	-4.67724751414	-4.70871670971	0.031469195576
DT	-inf,5.25	207895	-4.80507953881	-4.83390347214	0.0288239333332
DV	-inf,5.25	199569	-4.84595264217	-4.86535788519	0.0194052430256
DW	-inf,5.25	43966	-6.35869607542	-6.42786284592	0.0691667704999
DY	-inf,5.25	125144	-5.3126476091	-5.40347530029	0.0908276911851
EE	-inf,5.25	182948	-4.9329107239	-4.93318779307	0.000277069161364
EF	-inf,5.25	124610	-5.31692382341	-5.2758740806	-0.0410497428109
EG	-inf,5.25	251569	-4.61439537757	-4.3820612317	-0.232334145872
EH	-inf,5.25	111421	-5.42879686376	-5.4052371787	-0.0235596850636
EI	-inf,5.25	191633	-4.88653059883	-4.92401752817	0.037486929335
EK	-inf,5.25	369586	-4.2297292231	-4.41367238232	0.183943159224
EL	-inf,5.25	321180	-4.37011096973	-4.41376578135	0.0436548116191
EM	-inf,5.25	86111	-5.68647552167	-5.72293695582	0.0364614341535
EN	-inf,5.25	197743	-4.85514447557	-4.80019690336	-0.0549475722149
EP	-inf,5.25	197045	-4.85868055431	-4.79691177183	-0.0617687824865
EQ	-inf,5.25	188695	-4.90198072842	-4.8798401874	-0.0221405410271
ER	-inf,5.25	322811	-4.36504567072	-4.5656787449	0.200633074179
ES	-inf,5.25	253470	-4.60686721053	-4.49418533566	-0.112681874873
ET	-inf,5.25	230119	-4.70351611693	-4.61937209809	-0.0841440188464
EV	-inf,5.25	230047	-4.70382904749	-4.65082651114	-0.0530025363511
EW	-inf,5.25	51131	-6.20772171647	-6.21333147187	0.00560975539635
EY	-inf,5.25	146593	-5.15445264403	-5.18894392623	0.0344912822056
FF	-inf,5.25	22919	-7.01014642248	-7.00486409493	-0.00528232755508
FG	-inf,5.25	97545	-5.56179887337	-5.41789715317	-0.143901720205
FH	-inf,5.25	40625	-6.43772904271	-6.44107310016	0.00334405745097
FI	-inf,5.25	61132	-6.0290772227	-5.95985344964	-0.0692237730597
FK	-inf,5.25	106904	-5.47018144788	-5.44950830379	-0.0206731440931
FL	-inf,5.25	99726	-5.53968625804	-5.44960170281	-0.0900845552308
FM	-inf,5.25	31386	-6.69575074975	-6.75877287729	0.0630221275427
FN	-inf,5.25	75108	-5.82318560563	-5.83603282482	0.0128472191909
FP	-inf,5.25	77062	-5.7975023907	-5.83274769329	0.0352453025948
FQ	-inf,5.25	66673	-5.94231260999	-5.91567610886	-0.0266365011311
FR	-inf,5.25	89586	-5.64691362559	-5.60151466636	-0.0453989592254
FS	-inf,5.25	96812	-5.56934172982	-5.53002125712	-0.0393204726978
FT	-inf,5.25	84714	-5.70283180611	-5.65520801955	-0.0476237865514
FV	-inf,5.25	77476	-5.79214447238	-5.6866624326	-0.105482039778
FW	-inf,5.25	15958	-7.37215241248	-7.24916739333	-0.122985019141
FY	-inf,5.25	48844	-6.25348113739	-6.2247798477	-0.028701289693
GG	-inf,5.25	133429	-5.2485431822	-5.2172343126	-0.0313088695981
GH	-inf,5.25	87879	-5.66615181506	-5.54726025127	-0.118891563795
GI	-inf,5.25	146402	-5.15575642073	-5.06604060074	-0.0897158199837
GK	-inf,5.25	225156	-4.72531918807	-4.5556954549	-0.169623733173
GL	-inf,5.25	247639	-4.63014064284	-4.55578885392	-0.0743517889193
GM	-inf,5.25	67639	-5.92792794359	-5.86496002839	-0.0629679151986
GN	-inf,5.25	167157	-5.02317919282	-4.94221997593	-0.0809592168927
GP	-inf,5.25	186123	-4.91570493788	-4.9389348444	0.0232299065165
GQ	-inf,5.25	142989	-5.17934497914	-5.02186325997	-0.157481719169
GR	-inf,5.25	201128	-4.83817116206	-4.70770181747	-0.130469344594
GS	-inf,5.25	261642	-4.57513552621	-4.63620840823	0.0610728820212
GT	-inf,5.25	214162	-4.77537994538	-4.76139517066	-0.0139847747207
GV	-inf,5.25	207012	-4.80933592076	-4.79284958371	-0.0164863370527
GW	-inf,5.25	39949	-6.45450904275	-6.35535454444	-0.0991544983119
GY	-inf,5.25	114013	-5.40580020638	-5.3309669988	-0.0748332075775
HH	-inf,5.25	30116	-6.73705609137	-7.26359124575	0.526535154372
HI	-inf,5.25	53662	-6.15940756735	-6.08921654774	-0.0701910196113
HK	-inf,5.25	87102	-5.67503283765	-5.57887140189	-0.0961614357642
HL	-inf,5.25	93958	-5.59926480945	-5.57896480091	-0.0203000085368
HM	-inf,5.25	28238	-6.80144409477	-6.88813597539	0.0866918806139
HN	-inf,5.25	63551	-5.99026995021	-5.96539592292	-0.0248740272864
HP	-inf,5.25	71383	-5.8740529376	-5.96211079139	0.08805785379
HQ	-inf,5.25	60493	-6.0395850275	-6.04503920696	0.00545417946497
HR	-inf,5.25	83339	-5.71919605648	-5.73087776446	0.0116817079846
HS	-inf,5.25	84425	-5.70624911709	-5.65938435522	-0.0468647618672
HT	-inf,5.25	76297	-5.80747906432	-5.78457111766	-0.0229079466687
HV	-inf,5.25	68659	-5.91296045996	-5.8160255307	-0.0969349292548
HW	-inf,5.25	16054	-7.36615464365	-7.37853049143	0.0123758477824
HY	-inf,5.25	47041	-6.29109312149	-6.3541429458	0.0630498243045
II	-inf,5.25	52146	-6.18806520668	-6.30114893975	0.113083733073
IK	-inf,5.25	169279	-5.01056444208	-5.09765175136	0.0870873092822
IL	-inf,5.25	155488	-5.09554412514	-5.09774515039	0.00220102524966
IM	-inf,5.25	45545	-6.32341183516	-6.40691632486	0.083504489697
IN	-inf,5.25	120661	-5.34912772263	-5.4841762724	0.135048549763
IP	-inf,5.25	110677	-5.43549663398	-5.48089114087	0.0453945068886
IQ	-inf,5.25	95646	-5.58145880748	-5.56381955644	-0.0176392510452
IR	-inf,5.25	122785	-5.33167782495	-5.24965811394	-0.082019711009
IS	-inf,5.25	151738	-5.11995733398	-5.1781647047	0.0582073707176
IT	-inf,5.25	130235	-5.27277217251	-5.30335146713	0.0305792946211
IV	-inf,5.25	116977	-5.38013534908	-5.33480588018	-0.0453294689073
IW	-inf,5.25	19479	-7.17277572117	-6.89731084091	-0.275464880259
IY	-inf,5.25	67322	-5.93262560563	-5.87292329527	-0.0597023103552
KK	-inf,5.25	140643	-5.19588791859	-5.28045670466	0.0845687860703
KL	-inf,5.25	256986	-4.59309107466	-4.58740000454	-0.00569107011715
KM	-inf,5.25	69892	-5.89516148988	-5.89657117902	0.00140968913041
KN	-inf,5.25	192037	-4.88442462157	-4.97383112655	0.089406504983
KP	-inf,5.25	159992	-5.06698886938	-4.97054599502	-0.0964428743575
KQ	-inf,5.25	154125	-5.10434872188	-5.05347441059	-0.0508743112869
KR	-inf,5.25	182607	-4.93477638078	-4.73931296809	-0.195463412686
KS	-inf,5.25	225144	-4.72537248587	-4.66781955885	-0.0575529270201
KT	-inf,5.25	201215	-4.83773869523	-4.79300632128	-0.0447323739488
KV	-inf,5.25	191499	-4.88723009669	-4.82446073433	-0.0627693623555
KW	-inf,5.25	41024	-6.42795542206	-6.38696569506	-0.0409897270017
KY	-inf,5.25	133256	-5.24984059319	-5.36257814943	0.112737556239
LL	-inf,5.25	142147	-5.18525094995	-5.28064350299	0.0953925530309
LM	-inf,5.25	75010	-5.82449124538	-5.89666457804	0.0721733326592
LN	-inf,5.25	179341	-4.95282366185	-4.97392452557	0.0211008637211
LP	-inf,5.25	195228	-4.86794457705	-4.97063939404	0.102694816998
LQ	-inf,5.25	177210	-4.96477721337	-5.05356780961	0.0887905962399
LR	-inf,5.25	225416	-4.72416509936	-4.73940636712	0.0152412677556
LS	-inf,5.25	255872	-4.59743536392	-4.66791295787	0.0704775939501
LT	-inf,5.25	207886	-4.80512283083	-4.79309972031	-0.0120231105262
LV	-inf,5.25	197190	-4.85794495242	-4.82455413336	-0.0333908190628
LW	-inf,5.25	36730	-6.53851882353	-6.38705909409	-0.151459729444
LY	-inf,5.25	108802	-5.45258296676	-5.36267154845	-0.0899114183064
MM	-inf,5.25	12358	-7.62780905672	-7.89899374196	0.271184685233
MN	-inf,5.25	51483	-6.20086102727	-6.28309570005	0.0822346727741
MP	-inf,5.25	50863	-6.21297693966	-6.27981056852	0.0668336288615
MQ	-inf,5.25	47677	-6.27766358205	-6.36273898409	0.0850754020412
MR	-inf,5.25	59761	-6.05175940908	-6.04857754159	-0.00318186748686
MS	-inf,5.25	68488	-5.91545413592	-5.97708413235	0.0616299964265
MT	-inf,5.25	57572	-6.08907634496	-6.10227089478	0.0131945498191
MV	-inf,5.25	54220	-6.14906283929	-6.13372530783	-0.0153375314618
MW	-inf,5.25	10820	-7.76071640994	-7.69623026856	-0.0644861413835
MY	-inf,5.25	32859	-6.64988700335	-6.67184272292	0.0219557195715
NN	-inf,5.25	77929	-5.78631452762	-6.05350712389	0.267192596269
NP	-inf,5.25	125041	-5.31347099984	-5.35707051605	0.043599516213
NQ	-inf,5.25	116569	-5.383629311	-5.43999893162	0.0563696206193
NR	-inf,5.25	138559	-5.21081645566	-5.12583748912	-0.0849789665403
NS	-inf,5.25	177212	-4.96476592739	-5.05434407988	0.0895781524888
NT	-inf,5.25	156515	-5.08896083133	-5.17953084231	0.0905700109854
NV	-inf,5.25	138641	-5.21022482505	-5.21098525536	0.000760430308712
NW	-inf,5.25	30058	-6.73898383485	-6.77349021609	0.0345063812442
NY	-inf,5.25	94133	-5.59740400749	-5.74910267046	0.151698662964
PP	-inf,5.25	75744	-5.81475345003	-6.04693684674	0.232183396709
PQ	-inf,5.25	114623	-5.40046420114	-5.43671380009	0.0362495989556
PR	-inf,5.25	149456	-5.13511064823	-5.12255235759	-0.0125582906369
PS	-inf,5.25	176056	-4.97131055711	-5.05105894835	0.0797483912386
PT	-inf,5.25	154791	-5.10003686343	-5.17624571079	0.0762088473544
PV	-inf,5.25	149777	-5.13296516212	-5.20770012383	0.074734961717
PW	-inf,5.25	32967	-6.64660562223	-6.77020508456	0.123599462336
PY	-inf,5.25	89401	-5.64898081556	-5.74581753893	0.0968367233661
QQ	-inf,5.25	61645	-6.02072056004	-6.21279404809	0.192073488048
QR	-inf,5.25	144036	-5.17204941503	-5.20548077316	0.0334313581337
QS	-inf,5.25	151757	-5.11983212598	-5.13398736392	0.0141552379378
QT	-inf,5.25	132370	-5.25651165164	-5.25917412636	0.00266247471933
QV	-inf,5.25	121767	-5.34000330076	-5.2906285394	-0.0493747613519
QW	-inf,5.25	29591	-6.75464242232	-6.85313350013	0.0984910778153
QY	-inf,5.25	76786	-5.80109035149	-5.8287459545	0.0276556030066
RR	-inf,5.25	104230	-5.49551268761	-5.58446990895	0.0889572213404
RS	-inf,5.25	189830	-4.89598374856	-4.81982592142	-0.0761578271355
RT	-inf,5.25	169502	-5.0092479572	-4.94501268386	-0.0642352733446
RV	-inf,5.25	164307	-5.04037605424	-4.9764670969	-0.06390895733
RW	-inf,5.25	38152	-6.50053450237	-6.53897205764	0.0384375552699
RY	-inf,5.25	101415	-5.52289167415	-5.514584512	-0.00830716215166
SS	-inf,5.25	142125	-5.18540573129	-5.44148285603	0.256077124742
ST	-inf,5.25	211209	-4.7892645188	-4.87351927461	0.0842547558138
SV	-inf,5.25	194690	-4.87070413337	-4.90497368766	0.034269554293
SW	-inf,5.25	36189	-6.55335747811	-6.46747864839	-0.0858788297159
SY	-inf,5.25	113298	-5.41209116773	-5.44309110276	0.0309999350238
TT	-inf,5.25	106052	-5.4781831435	-5.69185680276	0.213673659255
TV	-inf,5.25	176035	-4.97142984446	-5.0301604501	0.0587306056384
TW	-inf,5.25	32142	-6.67194909723	-6.59266541083	-0.079283686408
TY	-inf,5.25	95515	-5.58282938015	-5.56827786519	-0.0145515149556
VV	-inf,5.25	82982	-5.72348896655	-5.75476574341	0.0312767768605
VW	-inf,5.25	28045	-6.8083023204	-6.62411982388	-0.184182496526
VY	-inf,5.25	83510	-5.7171462982	-5.59973227824	-0.117414019957
WW	-inf,5.25	4429	-8.65393885842	-8.8797896157	0.225850757283
WY	-inf,5.25	19756	-7.15865544068	-7.16223723897	0.0035817982866
YY	-inf,5.25	30620	-6.72045929313	-6.83100321069	0.110543917556
AA	4.25,6.25	227240	-4.89065695976	-5.13206522508	0.241408265319
AC	4.25,6.25	74998	-5.99920224093	-6.16440962012	0.165207379189
AD	4.25,6.25	251299	-4.79002022221	-4.65496187514	-0.135058347072
AE	4.25,6.25	280532	-4.67997588699	-4.45966521265	-0.220310674347
AF	4.25,6.25	170826	-5.17601819285	-5.17691144266	0.000893249808346
AG	4.25,6.25	289136	-4.64976652179	-4.53932498224	-0.110441539547
AH	4.25,6.25	108727	-5.6278235341	-5.56547142222	-0.0623521118809
AI	4.25,6.25	273047	-4.70701974591	-4.80664442869	0.0996246827846
AK	4.25,6.25	226554	-4.89368036034	-4.63899381494	-0.254686545398
AL	4.25,6.25	491090	-4.12003627706	-4.31465191976	0.194615642703
AM	4.25,6.25	109926	-5.61685627531	-5.74239638375	0.125540108441
AN	4.25,6.25	180804	-5.11925011584	-4.99241051561	-0.126839600225
AP	4.25,6.25	180437	-5.12128200107	-4.99462260002	-0.126659401048
AQ	4.25,6.25	169512	-5.18373996667	-5.08088959458	-0.102850372094
AR	4.25,6.25	231334	-4.87280113377	-4.77360944894	-0.0991916848313
AS	4.25,6.25	297144	-4.62244681766	-4.6540663821	0.0316195644369
AT	4.25,6.25	255053	-4.77519232075	-4.75818415514	-0.0170081656077
AV	4.25,6.25	350605	-4.45700345379	-4.5692787964	0.112275342604
AW	4.25,6.25	65082	-6.14101567416	-6.19783374977	0.0568180756136
AY	4.25,6.25	162486	-5.22607184323	-5.22472646164	-0.00134538159903
CC	4.25,6.25	26978	-7.0216419684	-8.58306429322	1.56142232482
CD	4.25,6.25	60664	-6.21131324605	-6.38045585682	0.169142610768
CE	4.25,6.25	61133	-6.20361186887	-6.18515919432	-0.0184526745482
CF	4.25,6.25	32977	-6.82085333867	-6.90240542434	0.0815520856626
CG	4.25,6.25	72795	-6.02901641592	-6.26481896392	0.235802547997
CH	4.25,6.25	29683	-6.92608919609	-7.29096540389	0.364876207804
CI	4.25,6.25	48111	-6.44315284625	-6.53213841037	0.0889855641152
CK	4.25,6.25	56485	-6.28268857127	-6.36448779662	0.0817992253517
CL	4.25,6.25	78007	-5.95986512119	-6.04014590144	0.0802807802443
CM	4.25,6.25	22021	-7.22466714392	-7.46789036543	0.243223221502
CN	4.25,6.25	48046	-6.44450480211	-6.71790449729	0.273399695175
CP	4.25,6.25	51482	-6.37543145543	-6.7201165817	0.344685126263
CQ	4.25,6.25	40013	-6.62745928613	-6.80638357625	0.178924290119
CR	4.25,6.25	51483	-6.37541203136	-6.49910343061	0.123691399253
CS	4.25,6.25	76634	-5.97762284495	-6.37956036377	0.401937518823
CT	4.25,6.25	58415	-6.24909098128	-6.48367813681	0.234587155537
CV	4.25,6.25	61186	-6.20274528227	-6.29477277807	0.0920274958065
CW	4.25,6.25	13871	-7.68686335767	-7.92332773145	0.236464373784
CY	4.25,6.25	37349	-6.69635754999	-6.95022044331	0.253862893322
DD	4.25,6.25	82320	-5.90604959592	-5.56415827871	-0.341891317208
DE	4.25,6.25	178127	-5.13416690842	-4.67571144934	-0.458455459076
DF	4.25,6.25	152948	-5.2865656931	-5.39295767936	0.106391986251
DG	4.25,6.25	179330	-5.12743600349	-4.75537121894	-0.372064784549
DH	4.25,6.25	88906	-5.82908405564	-5.78151765891	-0.047566396729
DI	4.25,6.25	235942	-4.85307767534	-5.02269066539	0.169612990048
DK	4.25,6.25	197669	-5.0300697728	-4.85504005164	-0.175029721164
DL	4.25,6.25	370609	-4.40151608895	-4.53069815646	0.12918206751
DM	4.25,6.25	82926	-5.8987150436	-5.95844262044	0.0597275768471
DN	4.25,6.25	137409	-5.39370180762	-5.20845675231	-0.185245055312
DP	4.25,6.25	127062	-5.47198853114	-5.21066883672	-0.261319694421
DQ	4.25,6.25	116476	-5.55897844425	-5.29693583127	-0.262042612976
DR	4.25,6.25	193025	-5.05384397325	-4.98965568563	-0.0641882876216
DS	4.25,6.25	193434	-5.05172731843	-4.87011261879	-0.18161469964
DT	4.25,6.25	189233	-5.07368462743	-4.97423039183	-0.0994542356
DV	4.25,6.25	271376	-4.71315837432	-4.78532503309	0.0721666587757
DW	4.25,6.25	60742	-6.21002830114	-6.41387998647	0.203851685328
DY	4.25,6.25	161571	-5.23171901291	-5.44077269833	0.20905368542
EE	4.25,6.25	115497	-5.56741913185	-5.17356442392	-0.393854707925
EF	4.25,6.25	180912	-5.11865296225	-5.19766101686	0.0790080546074
EG	4.25,6.25	171145	-5.17415253704	-4.56007455644	-0.614077980593
EH	4.25,6.25	98392	-5.72770418751	-5.58622099642	-0.141483191089
EI	4.25,6.25	275381	-4.69850809409	-4.82739400289	0.128885908801
EK	4.25,6.25	241561	-4.82954165826	-4.65974338914	-0.169798269113
EL	4.25,6.25	449088	-4.20944482782	-4.33540149396	0.125956666147
EM	4.25,6.25	97444	-5.73738583342	-5.76314595795	0.0257601245256
EN	4.25,6.25	142685	-5.35602428412	-5.01316008981	-0.342864194302
EP	4.25,6.25	130605	-5.4444861865	-5.01537217422	-0.429114012276
EQ	4.25,6.25	135763	-5.40575296895	-5.10163916878	-0.304113800167
ER	4.25,6.25	242541	-4.8254929192	-4.79435902314	-0.0311338960588
ES	4.25,6.25	199931	-5.01869138042	-4.6748159563	-0.343875424128
ET	4.25,6.25	204124	-4.99793603513	-4.77893372934	-0.219002305787
EV	4.25,6.25	313299	-4.56950568132	-4.5900283706	0.0205226892766
EW	4.25,6.25	70326	-6.06352211348	-6.21858332397	0.155061210497
EY	4.25,6.25	183534	-5.10426375101	-5.24547603584	0.141212284824
FF	4.25,6.25	48377	-6.43763919328	-6.60805946031	0.170420267031
FG	4.25,6.25	138580	-5.38521591125	-5.27732078646	-0.10789512479
FH	4.25,6.25	67897	-6.09867183648	-6.30346722643	0.204795389953
FI	4.25,6.25	133198	-5.42482694447	-5.54464023291	0.119813288438
FK	4.25,6.25	158078	-5.25357510535	-5.37698961916	0.12341451381
FL	4.25,6.25	213936	-4.95098678257	-5.05264772398	0.101660941403
FM	4.25,6.25	57454	-6.26567905981	-6.48039218796	0.21471312815
FN	4.25,6.25	114097	-5.57961472365	-5.73040631983	0.150791596178
FP	4.25,6.25	109093	-5.62446295799	-5.73261840424	0.108155446251
FQ	4.25,6.25	103745	-5.67472772227	-5.81888539879	0.144157676524
FR	4.25,6.25	136526	-5.40014861477	-5.51160525315	0.111456638381
FS	4.25,6.25	153829	-5.28082209158	-5.39206218631	0.111240094729
FT	4.25,6.25	144636	-5.34244344605	-5.49617995935	0.153736513301
FV	4.25,6.25	163615	-5.21914758044	-5.30727460061	0.0881270201739
FW	4.25,6.25	35199	-6.75564601434	-6.93582955399	0.180183539651
FY	4.25,6.25	96852	-5.74347964732	-5.96272226585	0.219242618533
GG	4.25,6.25	111788	-5.60005946701	-5.33288416681	-0.267175300205
GH	4.25,6.25	82084	-5.90892057427	-5.66588076601	-0.243039808254
GI	4.25,6.25	212238	-4.95895540096	-4.90705377249	-0.0519016284673
GK	4.25,6.25	153719	-5.28153742711	-4.73940315874	-0.542134268365
GL	4.25,6.25	346125	-4.46986370596	-4.41506126356	-0.0548024423956
GM	4.25,6.25	79043	-5.94667167926	-5.84280572755	-0.103865951715
GN	4.25,6.25	135777	-5.40564985338	-5.09281985941	-0.312829993971
GP	4.25,6.25	134411	-5.41576141747	-5.09503194382	-0.32072947365
GQ	4.25,6.25	109996	-5.61621968595	-5.18129893837	-0.434920747578
GR	4.25,6.25	155189	-5.2720199585	-4.87401879273	-0.398001165765
GS	4.25,6.25	217323	-4.93527896133	-4.75447572589	-0.180803235437
GT	4.25,6.25	193893	-5.04935722693	-4.85859349894	-0.190763727997
GV	4.25,6.25	273325	-4.70600212413	-4.6696881402	-0.0363139839305
GW	4.25,6.25	55311	-6.30369188369	-6.29824309357	-0.00544879011969
GY	4.25,6.25	144201	-5.34545552781	-5.32513580543	-0.0203197223752
HH	4.25,6.25	26121	-7.05392409893	-7.38518180932	0.331257710392
HI	4.25,6.25	91117	-5.80451929247	-5.93320021246	0.128680919996
HK	4.25,6.25	77722	-5.96352532987	-5.76554959872	-0.197975731151
HL	4.25,6.25	150694	-5.30141239681	-5.44120770353	0.139795306727
HM	4.25,6.25	37530	-6.6915230743	-6.86895216752	0.177429093221
HN	4.25,6.25	61715	-6.19413667425	-6.11896629939	-0.0751703748657
HP	4.25,6.25	65689	-6.13173220368	-6.12117838379	-0.0105538198821
HQ	4.25,6.25	56714	-6.27864259361	-6.20744537835	-0.0711972152622
HR	4.25,6.25	80999	-5.92222687853	-5.90016523271	-0.022061645822
HS	4.25,6.25	87492	-5.84511632683	-5.78062216587	-0.0644941609663
HT	4.25,6.25	86090	-5.86127042678	-5.88473993891	0.0234695121338
HV	4.25,6.25	110030	-5.61591063156	-5.69583458017	0.0799239486053
HW	4.25,6.25	26377	-7.04417126914	-7.32438953355	0.280218264404
HY	4.25,6.25	69176	-6.08000970579	-6.35128224541	0.271272539618
II	4.25,6.25	113611	-5.58388335486	-5.86752387495	0.283640520086
IK	4.25,6.25	245778	-4.81223499798	-5.00672260519	0.194487607208
IL	4.25,6.25	337135	-4.49618024384	-4.68238071001	0.18620046617
IM	4.25,6.25	85535	-5.86773803854	-6.110125174	0.242387135453
IN	4.25,6.25	180993	-5.11820533096	-5.36013930586	0.241933974898
IP	4.25,6.25	157718	-5.25585505922	-5.36235139027	0.10649633105
IQ	4.25,6.25	148468	-5.31629424064	-5.44861838482	0.132324144183
IR	4.25,6.25	191105	-5.06384067223	-5.14133823918	0.0774975669509
IS	4.25,6.25	241519	-4.8297155425	-5.02179517234	0.192079629842
IT	4.25,6.25	220259	-4.92185956081	-5.12591294538	0.204053384576
IV	4.25,6.25	256562	-4.76929333664	-4.93700758664	0.16771425
IW	4.25,6.25	43861	-6.5356381449	-6.56556254002	0.0299243951202
IY	4.25,6.25	141902	-5.36152700895	-5.59245525188	0.230928242933
KK	4.25,6.25	91005	-5.80574923738	-5.53222211101	-0.273527126371
KL	4.25,6.25	365411	-4.41564093996	-4.51473009626	0.0990891563009
KM	4.25,6.25	81129	-5.92062320701	-5.94247456025	0.0218513532354
KN	4.25,6.25	139745	-5.37684435423	-5.19248869211	-0.184355662115
KP	4.25,6.25	109707	-5.61885051181	-5.19470077652	-0.424149735289
KQ	4.25,6.25	113127	-5.58815260602	-5.28096777108	-0.30718483495
KR	4.25,6.25	138392	-5.3865734494	-4.97368762543	-0.412885823968
KS	4.25,6.25	179981	-5.12381239768	-4.85414455859	-0.269667839089
KT	4.25,6.25	179828	-5.12466284895	-4.95826233164	-0.166400517309
KV	4.25,6.25	261807	-4.74905609636	-4.7693569729	0.0203008765363
KW	4.25,6.25	57546	-6.26407905947	-6.39791192627	0.133832866799
KY	4.25,6.25	169153	-5.18586005664	-5.42480463813	0.238944581493
LL	4.25,6.25	299685	-4.61393176443	-4.88353750655	0.269605742126
LM	4.25,6.25	136995	-5.39671925863	-5.61813266507	0.221413406432
LN	4.25,6.25	260603	-4.75366551093	-4.86814679693	0.114481286004
LP	4.25,6.25	264689	-4.73810813556	-4.87035888134	0.132250745783
LQ	4.25,6.25	262650	-4.74584134005	-4.95662587589	0.210784535848
LR	4.25,6.25	335204	-4.50192438574	-4.64934573025	0.147421344517
LS	4.25,6.25	394602	-4.33878602545	-4.52980266341	0.191016637966
LT	4.25,6.25	344621	-4.47421842499	-4.63392043646	0.159702011467
LV	4.25,6.25	413910	-4.29101512856	-4.44501507772	0.153999949157
LW	4.25,6.25	77877	-5.96153302849	-6.07357003109	0.112037002605
LY	4.25,6.25	217442	-4.93473153915	-5.10046274295	0.165731203806
MM	4.25,6.25	19310	-7.35604059101	-7.73903316901	0.382992578004
MN	4.25,6.25	62267	-6.18523209702	-6.29589126092	0.110659163902
MP	4.25,6.25	59553	-6.22979701508	-6.29810334533	0.0683063302449
MQ	4.25,6.25	56747	-6.27806089592	-6.38437033988	0.106309443962
MR	4.25,6.25	73657	-6.01724450493	-6.07709019424	0.0598456893128
MS	4.25,6.25	86307	-5.85875298025	-5.9575471274	0.0987941471521
MT	4.25,6.25	79973	-5.93497460974	-6.06166490044	0.126690290704
MV	4.25,6.25	100387	-5.70763097064	-5.8727595417	0.165128571058
MW	4.25,6.25	19864	-7.32775463924	-7.50131449508	0.173559855837
MY	4.25,6.25	56140	-6.28881511651	-6.52820720694	0.239392090426
NN	4.25,6.25	63151	-6.17113500346	-6.23905675827	0.0679217548106
NP	4.25,6.25	98038	-5.73130852883	-5.54811747719	-0.183191051642
NQ	4.25,6.25	94346	-5.76969481187	-5.63438447174	-0.135310340122
NR	4.25,6.25	116463	-5.55909006145	-5.3271043261	-0.231985735348
NS	4.25,6.25	155996	-5.26683332155	-5.20756125926	-0.0592720622873
NT	4.25,6.25	147625	-5.32198841293	-5.31167903231	-0.0103093806223
NV	4.25,6.25	193223	-5.05281872513	-5.12277367357	0.0699549484315
NW	4.25,6.25	43287	-6.54881132846	-6.75132862694	0.202517298478
NY	4.25,6.25	122468	-5.50881391608	-5.7782213388	0.269407422726
PP	4.25,6.25	54979	-6.30971239331	-6.24348093636	-0.0662314569497
PQ	4.25,6.25	86115	-5.86098007516	-5.63659655615	-0.224383519006
PR	4.25,6.25	117445	-5.55069354855	-5.32931641051	-0.221377138043
PS	4.25,6.25	144942	-5.34033002505	-5.20977334367	-0.130556681375
PT	4.25,6.25	137800	-5.39086032887	-5.31389111672	-0.0769692121521
PV	4.25,6.25	196484	-5.03608268439	-5.12498575797	0.0889030735855
PW	4.25,6.25	46821	-6.47033186722	-6.75354071135	0.283208844131
PY	4.25,6.25	116399	-5.55963974325	-5.78043342321	0.220793679959
QQ	4.25,6.25	47126	-6.46383882174	-6.41601530336	-0.0478235183892
QR	4.25,6.25	116908	-5.55527638675	-5.41558340507	-0.139692981684
QS	4.25,6.25	129505	-5.45294419701	-5.29604033823	-0.156903858786
QT	4.25,6.25	128595	-5.45999575665	-5.40015811127	-0.0598376453775
QV	4.25,6.25	172877	-5.16408332848	-5.21125275253	0.047169424054
QW	4.25,6.25	42912	-6.55751218035	-6.8398077059	0.282295525557
QY	4.25,6.25	102331	-5.68845103009	-5.86670041777	0.178249387676
RR	4.25,6.25	83219	-5.89518800031	-5.8014538025	-0.0937341978061
RS	4.25,6.25	169465	-5.18401727162	-4.98876019259	-0.195257079037
RT	4.25,6.25	169162	-5.18580685179	-5.09287796563	-0.0929288861571
RV	4.25,6.25	238261	-4.84329697599	-4.90397260689	0.0606756309
RW	4.25,6.25	58031	-6.25568633693	-6.53252756026	0.276841223337
RY	4.25,6.25	137039	-5.3963981306	-5.55942027213	0.163022141528
SS	4.25,6.25	128517	-5.46060249614	-5.56236728995	0.10176479381
ST	4.25,6.25	210915	-4.96520847874	-4.97333489879	0.00812642005394
SV	4.25,6.25	287109	-4.65680175285	-4.78442954005	0.127627787201
SW	4.25,6.25	56274	-6.28643107069	-6.41298449342	0.126553422732
SY	4.25,6.25	155405	-5.270629075	-5.43987720529	0.169248130287
TT	4.25,6.25	112335	-5.59517820908	-5.77060316344	0.17542495436
TV	4.25,6.25	277498	-4.69084996149	-4.88854731309	0.197697351598
TW	4.25,6.25	54123	-6.32540445331	-6.51710226647	0.191697813159
TY	4.25,6.25	146166	-5.33192072532	-5.54399497833	0.212074253012
VV	4.25,6.25	169964	-5.18107703753	-5.39279187601	0.21171483848
VW	4.25,6.25	57858	-6.25867195469	-6.32819690773	0.069524953036
VY	4.25,6.25	167092	-5.19811912852	-5.35508961959	0.156970491073
WW	4.25,6.25	8200	-8.21252953318	-8.64991301175	0.437383478575
WY	4.25,6.25	38391	-6.66884063032	-6.98364457296	0.31480394264
YY	4.25,6.25	56106	-6.28942092877	-6.70368974476	0.41426881599
AA	5.25,7.25	192686	-4.77271405894	-5.11873336892	0.34601930998
AC	5.25,7.25	81267	-5.63603594984	-6.063319111	0.427283161163
AD	5.25,7.25	149820	-5.02434140641	-4.71613055059	-0.308210855821
AE	5.25,7.25	168999	-4.90388318218	-4.5400079742	-0.363875207987
AF	5.25,7.25	192280	-4.7748233369	-5.03737198116	0.262548644257
AG	5.25,7.25	205094	-4.7103075693	-4.59824793483	-0.112059634473
AH	5.25,7.25	79602	-5.65673676177	-5.58024621927	-0.0764905424948
AI	5.25,7.25	308707	-4.30138337294	-4.68093965067	0.379556277732
AK	5.25,7.25	134811	-5.12990218241	-4.71492298124	-0.414979201167
AL	5.25,7.25	523929	-3.77241980097	-4.21031930355	0.437899502577
AM	5.25,7.25	107252	-5.35859477428	-5.69019106206	0.331596287784
AN	5.25,7.25	114690	-5.29154314355	-5.04299925655	-0.248543886999
AP	5.25,7.25	109506	-5.33779663765	-5.0530656329	-0.284731004757
AQ	5.25,7.25	102788	-5.40110736524	-5.13214907593	-0.268958289305
AR	5.25,7.25	139910	-5.09277662118	-4.82538985074	-0.267386770446
AS	5.25,7.25	208299	-4.69480143244	-4.68277443117	-0.0120270012668
AT	5.25,7.25	184343	-4.81697782722	-4.76326217388	-0.0537156533348
AV	5.25,7.25	364596	-4.13498608867	-4.46691329448	0.331927205808
AW	5.25,7.25	65413	-5.85305496446	-6.10182094476	0.248765980295
AY	5.25,7.25	156910	-4.97810358736	-5.16317520149	0.185071614137
CC	5.25,7.25	29265	-6.65738371719	-8.39421446557	1.73683074839
CD	5.25,7.25	45911	-6.20707124016	-6.35386595574	0.146794715579
CE	5.25,7.25	46242	-6.1998875039	-6.17774337934	-0.022144124561
CF	5.25,7.25	46867	-6.18646217687	-6.67510738631	0.488645209439
CG	5.25,7.25	61892	-5.9083850493	-6.23598333998	0.327598290675
CH	5.25,7.25	27895	-6.70532851863	-7.21798162442	0.512653105788
CI	5.25,7.25	68364	-5.80892960964	-6.31867505582	0.509745446179
CK	5.25,7.25	42262	-6.28988764278	-6.35265838639	0.0627707436029
CL	5.25,7.25	108092	-5.35079326357	-5.8480547087	0.497261445124
CM	5.25,7.25	26979	-6.73871719433	-7.32792646721	0.58920927288
CN	5.25,7.25	38269	-6.38913581096	-6.6807346617	0.291598850741
CP	5.25,7.25	38875	-6.37342460943	-6.69080103804	0.317376428614
CQ	5.25,7.25	32355	-6.55700741142	-6.76988448108	0.212877069663
CR	5.25,7.25	40918	-6.32220591589	-6.46312525589	0.140919339991
CS	5.25,7.25	66412	-5.83789821688	-6.32050983632	0.48261161944
CT	5.25,7.25	53449	-6.05504805171	-6.40099757903	0.345949527327
CV	5.25,7.25	79333	-5.66012179661	-6.10464869963	0.444526903013
CW	5.25,7.25	17123	-7.19335339092	-7.7395563499	0.546202958982
CY	5.25,7.25	45761	-6.21034377995	-6.80091060664	0.590566826694
DD	5.25,7.25	28261	-6.69229321759	-5.69982789539	-0.9924653222
DE	5.25,7.25	50433	-6.11313025721	-4.83055481893	-1.28257543828
DF	5.25,7.25	125429	-5.2020361185	-5.3279188259	0.1258827074
DG	5.25,7.25	85992	-5.57952171126	-4.88879477957	-0.690726931691
DH	5.25,7.25	39565	-6.35583109087	-5.87079306401	-0.485038026858
DI	5.25,7.25	188183	-4.79636108629	-4.97148649541	0.175125409117
DK	5.25,7.25	48691	-6.14828177185	-5.00546982598	-1.14281194587
DL	5.25,7.25	286287	-4.37678117577	-4.50086614829	0.124084972515
DM	5.25,7.25	55893	-6.01033683122	-5.9807379068	-0.0295989244241
DN	5.25,7.25	48289	-6.15657218848	-5.33354610129	-0.823026087188
DP	5.25,7.25	46880	-6.18618483466	-5.34361247763	-0.842572357026
DQ	5.25,7.25	37113	-6.41980866738	-5.42269592067	-0.997112746707
DR	5.25,7.25	61240	-5.91897540914	-5.11593669548	-0.803038713663
DS	5.25,7.25	82630	-5.61940316922	-4.97332127591	-0.646081893303
DT	5.25,7.25	83303	-5.611291417	-5.05380901862	-0.557482398375
DV	5.25,7.25	201025	-4.73034670149	-4.75746013922	0.0271134377232
DW	5.25,7.25	41366	-6.31131669255	-6.39236778949	0.0810510969423
DY	5.25,7.25	99120	-5.43744474261	-5.45372204623	0.0162773036255
EE	5.25,7.25	29056	-6.66455097751	-5.34758220656	-1.31696877095
EF	5.25,7.25	145452	-5.05392984465	-5.15179624951	0.0978664048535
EG	5.25,7.25	76970	-5.69036024438	-4.71267220317	-0.977688041209
EH	5.25,7.25	41542	-6.30707101627	-5.69467048762	-0.612400528658
EI	5.25,7.25	209688	-4.68815526826	-4.79536391902	0.107208650754
EK	5.25,7.25	51469	-6.09279629525	-4.82934724958	-1.26344904566
EL	5.25,7.25	333316	-4.22468499097	-4.32474357189	0.100058580927
EM	5.25,7.25	63207	-5.88736092542	-5.80461533041	-0.0827455950102
EN	5.25,7.25	44133	-6.24656817799	-5.1574235249	-1.08914465309
EP	5.25,7.25	42708	-6.27938972361	-5.16748990124	-1.11189982237
EQ	5.25,7.25	37797	-6.40154624553	-5.24657334428	-1.15497290125
ER	5.25,7.25	66735	-5.833046427	-4.93981411908	-0.89323230792
ES	5.25,7.25	78999	-5.66434078577	-4.79719869952	-0.867142086249
ET	5.25,7.25	83637	-5.60728997402	-4.87768644223	-0.729603531787
EV	5.25,7.25	229076	-4.5997221537	-4.58133756282	-0.0183845908796
EW	5.25,7.25	46426	-6.1959163328	-6.2162452131	0.0203288802976
EY	5.25,7.25	105922	-5.37107300574	-5.27759946984	-0.0934735359026
FF	5.25,7.25	70619	-5.77647674982	-6.3423120141	0.565835264275
FG	5.25,7.25	124548	-5.20908479616	-5.21003621014	0.000951413980793
FH	5.25,7.25	66846	-5.83138451362	-6.19203449458	0.360649980958
FI	5.25,7.25	194686	-4.76238797563	-5.29272792598	0.530339950352
FK	5.25,7.25	129048	-5.17359155175	-5.32671125655	0.153119704796
FL	5.25,7.25	306118	-4.30980533139	-4.82210757886	0.512302247465
FM	5.25,7.25	69977	-5.7856093633	-6.30197933737	0.516369974071
FN	5.25,7.25	99257	-5.43606353388	-5.65478753186	0.218723997982
FP	5.25,7.25	92025	-5.51171570066	-5.66485390821	0.153138207542
FQ	5.25,7.25	89948	-5.53454425435	-5.74393735124	0.20939309689
FR	5.25,7.25	116034	-5.27989272832	-5.43717812605	0.157285397727
FS	5.25,7.25	143386	-5.06823568554	-5.29456270648	0.226327020946
FT	5.25,7.25	144963	-5.05729744248	-5.3750504492	0.317753006711
FV	5.25,7.25	226644	-4.61039547543	-5.07870156979	0.468306094363
FW	5.25,7.25	47931	-6.16401350322	-6.71360922007	0.549595716851
FY	5.25,7.25	123443	-5.21799646886	-5.77496347681	0.556967007941
GG	5.25,7.25	63819	-5.87772502827	-5.46406229474	-0.413662733526
GH	5.25,7.25	47115	-6.18118455827	-5.75291044825	-0.428274110021
GI	5.25,7.25	192518	-4.77358632408	-4.85360387965	0.0800175555724
GK	5.25,7.25	65264	-5.85533539735	-4.88758721022	-0.967748187137
GL	5.25,7.25	298439	-4.33521042309	-4.38298353253	0.0477731094381
GM	5.25,7.25	64228	-5.87133672724	-5.86285529104	-0.00848143620335
GN	5.25,7.25	67932	-5.81526877509	-5.21566348553	-0.599605289555
GP	5.25,7.25	66033	-5.84362136286	-5.22572986187	-0.617891500987
GQ	5.25,7.25	53488	-6.05431865025	-5.30481330491	-0.749505345339
GR	5.25,7.25	74427	-5.7239572007	-4.99805407972	-0.725903120982
GS	5.25,7.25	122288	-5.22739706143	-4.85543866015	-0.371958401275
GT	5.25,7.25	106215	-5.36831063816	-4.93592640286	-0.432384235294
GV	5.25,7.25	224052	-4.62189781216	-4.63957752346	0.0176797112998
GW	5.25,7.25	43944	-6.25085988389	-6.27448517373	0.0236252898451
GY	5.25,7.25	103514	-5.39406911067	-5.33583943047	-0.0582296801975
HH	5.25,7.25	16678	-7.21968549426	-7.42806379015	0.208378295888
HI	5.25,7.25	88743	-5.54803142792	-5.83560216409	0.287570736171
HK	5.25,7.25	30683	-6.61006722464	-5.86958549466	-0.740481729978
HL	5.25,7.25	143247	-5.06920556696	-5.36498181697	0.295776250008
HM	5.25,7.25	31547	-6.58229748263	-6.84485357548	0.262556092855
HN	5.25,7.25	30163	-6.62715997224	-6.19766176997	-0.429498202266
HP	5.25,7.25	32099	-6.56495110293	-6.20772814632	-0.35722295661
HQ	5.25,7.25	25871	-6.78065332967	-6.28681158936	-0.49384174031
HR	5.25,7.25	37152	-6.41875837441	-5.98005236416	-0.438706010255
HS	5.25,7.25	49495	-6.13190432556	-5.8374369446	-0.294467380961
HT	5.25,7.25	50242	-6.11692464964	-5.91792468731	-0.198999962338
HV	5.25,7.25	99241	-5.43622474457	-5.6215758079	0.185351063326
HW	5.25,7.25	24110	-6.85114928774	-7.25648345818	0.405334170441
HY	5.25,7.25	53183	-6.06003718352	-6.31783771492	0.257800531396
II	5.25,7.25	166007	-4.92174602379	-5.62944598078	0.707699956992
IK	5.25,7.25	189954	-4.78699404234	-4.97027892606	0.183284883718
IL	5.25,7.25	478027	-3.86410876368	-4.46567524837	0.601566484695
IM	5.25,7.25	104801	-5.3817126661	-5.94554700688	0.56383434078
IN	5.25,7.25	149133	-5.02893745468	-5.29835520138	0.269417746696
IP	5.25,7.25	127514	-5.18554981744	-5.30842157772	0.122871760282
IQ	5.25,7.25	123334	-5.21887985757	-5.38750502076	0.16862516319
IR	5.25,7.25	158496	-4.96804662352	-5.08074579556	0.112699172038
IS	5.25,7.25	220387	-4.63839088806	-4.938130376	0.299739487942
IT	5.25,7.25	216064	-4.65820131984	-5.01861811871	0.360416798873
IV	5.25,7.25	358508	-4.15182500494	-4.7222692393	0.570444234367
IW	5.25,7.25	60405	-5.93270409696	-6.35717688958	0.424472792621
IY	5.25,7.25	174781	-4.87024221827	-5.41853114632	0.548288928051
KK	5.25,7.25	18998	-7.08944226946	-5.69741275269	-1.39202951677
KL	5.25,7.25	276147	-4.4128426473	-4.49965857894	0.0868159316354
KM	5.25,7.25	53853	-6.04751786757	-5.97953033745	-0.0679875301231
KN	5.25,7.25	39902	-6.34734953198	-5.33233853194	-1.01501100003
KP	5.25,7.25	35779	-6.45641485081	-5.34240490828	-1.11400994253
KQ	5.25,7.25	31856	-6.57255023261	-5.42148835132	-1.15106188128
KR	5.25,7.25	39568	-6.35575526915	-5.11472912613	-1.24102614302
KS	5.25,7.25	68765	-5.80308108536	-4.97211370656	-0.830967378799
KT	5.25,7.25	70258	-5.78160179919	-5.05260144927	-0.729000349921
KV	5.25,7.25	191615	-4.77828782936	-4.75625256987	-0.0220352594881
KW	5.25,7.25	38615	-6.38013517791	-6.39116022014	0.0110250422366
KY	5.25,7.25	96904	-5.46005518221	-5.45251447688	-0.00754070533068
LL	5.25,7.25	408030	-4.02243527882	-4.68820408352	0.665768804706
LM	5.25,7.25	163530	-4.93677952018	-5.47492665976	0.538147139574
LN	5.25,7.25	209609	-4.68853208947	-4.82773485425	0.139202764779
LP	5.25,7.25	206752	-4.70225597255	-4.83780123059	0.135545258041
LQ	5.25,7.25	205767	-4.70703151924	-4.91688467363	0.209853154392
LR	5.25,7.25	267536	-4.44452184321	-4.61012544844	0.165603605227
LS	5.25,7.25	343634	-4.19419884244	-4.46751002887	0.273311186429
LT	5.25,7.25	328087	-4.24049716281	-4.54799777158	0.30750060877
LV	5.25,7.25	558456	-3.70860014698	-4.25164889218	0.543048745202
LW	5.25,7.25	101895	-5.40983310862	-5.88655654245	0.476723433836
LY	5.25,7.25	260086	-4.47276363437	-4.94791079919	0.475147164819
MM	5.25,7.25	19805	-7.04784154885	-7.64795439116	0.600112842304
MN	5.25,7.25	44399	-6.24055903327	-6.30760661276	0.0670475794961
MP	5.25,7.25	41968	-6.2968685568	-6.31767298911	0.0208044323011
MQ	5.25,7.25	38766	-6.37623240612	-6.39675643214	0.0205240260193
MR	5.25,7.25	51723	-6.08787342307	-6.08999720695	0.0021237838805
MS	5.25,7.25	67889	-5.81590196143	-5.94738178738	0.131479825951
MT	5.25,7.25	66652	-5.83429092625	-6.02786953009	0.193578603843
MV	5.25,7.25	118245	-5.26101723675	-5.73152065069	0.47050341394
MW	5.25,7.25	22755	-6.90899107846	-7.36642830097	0.457437222505
MY	5.25,7.25	57050	-5.98984790362	-6.4277825577	0.437934654084
NN	5.25,7.25	23321	-6.88442173772	-6.35356659071	-0.530855147007
NP	5.25,7.25	39000	-6.3702143338	-5.6704811836	-0.699733150201
NQ	5.25,7.25	33481	-6.52279786618	-5.74956462664	-0.773233239538
NR	5.25,7.25	42138	-6.29282603352	-5.44280540144	-0.850020632083
NS	5.25,7.25	72314	-5.75275823189	-5.30018998188	-0.452568250011
NT	5.25,7.25	68053	-5.81348916657	-5.38067772459	-0.432811441984
NV	5.25,7.25	149254	-5.02812642734	-5.08432884518	0.0562024178371
NW	5.25,7.25	32384	-6.55611150626	-6.71923649546	0.163124989195
NY	5.25,7.25	77413	-5.68462125478	-5.7805907522	0.0959694974176
PP	5.25,7.25	22919	-6.90180971905	-6.37369938997	-0.528110329086
PQ	5.25,7.25	31895	-6.57132672223	-5.75963100298	-0.811695719255
PR	5.25,7.25	43167	-6.26869966548	-5.45287177778	-0.815827887696
PS	5.25,7.25	65467	-5.85222978104	-5.31025635822	-0.54197342282
PT	5.25,7.25	64289	-5.87038743641	-5.39074410093	-0.479643335484
PV	5.25,7.25	149528	-5.02629231366	-5.09439522152	0.0681029078598
PW	5.25,7.25	33990	-6.50770961622	-6.7293028718	0.22159325558
PY	5.25,7.25	77565	-5.68265968541	-5.79065712854	0.107997443128
QQ	5.25,7.25	14921	-7.33100636327	-6.53186665867	-0.7991397046
QR	5.25,7.25	38263	-6.38929260812	-5.53195522082	-0.857337387296
QS	5.25,7.25	55665	-6.01442439675	-5.38933980126	-0.625084595489
QT	5.25,7.25	57688	-5.97872680031	-5.46982754397	-0.508899256345
QV	5.25,7.25	132034	-5.15071651475	-5.17347866456	0.0227621498117
QW	5.25,7.25	31850	-6.57273859791	-6.80838631484	0.235647716929
QY	5.25,7.25	67037	-5.82853127416	-5.86974057158	0.0412092974195
RR	5.25,7.25	27013	-6.73745774832	-5.91834687894	-0.819110869382
RS	5.25,7.25	73884	-5.73127968421	-5.08258057606	-0.648699108149
RT	5.25,7.25	76727	-5.69352231264	-5.16306831877	-0.530453993867
RV	5.25,7.25	184738	-4.81483737485	-4.86671943937	0.0518820645182
RW	5.25,7.25	42997	-6.27264563411	-6.50162708964	0.228981455532
RY	5.25,7.25	90723	-5.52596507171	-5.56298134638	0.0370162746694
SS	5.25,7.25	65397	-5.85329959408	-5.63311554767	-0.22018404641
ST	5.25,7.25	109824	-5.3348968955	-5.02045289921	-0.314443996294
SV	5.25,7.25	240204	-4.55228741763	-4.7241040198	0.171816602172
SW	5.25,7.25	47809	-6.16656207364	-6.35901167008	0.192449596444
SY	5.25,7.25	110525	-5.32853424022	-5.42036592682	0.0918316866031
TT	5.25,7.25	56234	-6.00425442375	-5.79409130219	-0.210163121563
TV	5.25,7.25	246520	-4.52633285383	-4.80459176251	0.27825890868
TW	5.25,7.25	48560	-6.15097583318	-6.43949941279	0.288523579613
TY	5.25,7.25	113246	-5.30421353628	-5.50085366953	0.196640133252
VV	5.25,7.25	221486	-4.63341659786	-5.20139265093	0.567976053068
VW	5.25,7.25	73540	-5.73594650406	-6.14315053338	0.407204029329
VY	5.25,7.25	193787	-4.76701636219	-5.20450479012	0.437488427939
WW	5.25,7.25	10514	-7.68106827753	-8.4712186343	0.790150356769
WY	5.25,7.25	43388	-6.26359307475	-6.8394124404	0.57581936565
YY	5.25,7.25	55879	-6.01058734119	-6.59391906837	0.583331727175
AA	6.25,8.25	129994	-4.75554076488	-5.07883503132	0.323294266441
AC	6.25,8.25	63520	-5.47167424349	-5.87311998957	0.401445746084
AD	6.25,8.25	65171	-5.44601447572	-4.86328502364	-0.582729452073
AE	6.25,8.25	69293	-5.38468516943	-4.72420410763	-0.660481061805
AF	6.25,8.25	165173	-4.51603565095	-4.83534382773	0.31930817678
AG	6.25,8.25	120905	-4.82802394717	-4.72280550905	-0.10521843812
AH	6.25,8.25	46118	-5.7918257311	-5.57228563122	-0.219540099878
AI	6.25,8.25	261439	-4.05682807373	-4.46692550745	0.41009743372
AK	6.25,8.25	52131	-5.66926927902	-4.87560664682	-0.793662632203
AL	6.25,8.25	421986	-3.5780569223	-4.02072915592	0.442672233622
AM	6.25,8.25	80903	-5.22977815423	-5.56198435453	0.332206200299
AN	6.25,8.25	53617	-5.64116287846	-5.14969353271	-0.491469345748
AP	6.25,8.25	55248	-5.61119691978	-5.17619732865	-0.434999591133
AQ	6.25,8.25	45696	-5.80101829371	-5.25243893997	-0.548579353741
AR	6.25,8.25	60674	-5.5175137902	-4.91914710983	-0.598366680371
AS	6.25,8.25	112595	-4.89923175068	-4.74291705394	-0.156314696739
AT	6.25,8.25	105625	-4.96313397475	-4.76001462763	-0.203119347119
AV	6.25,8.25	293894	-3.93980990232	-4.28288005378	0.343070151459
AW	6.25,8.25	50664	-5.69781346121	-5.91649506781	0.218681606601
AY	6.25,8.25	112382	-4.90112527814	-5.01211438223	0.110989104093
CC	6.25,8.25	20692	-6.59328190829	-8.05371617196	1.46043426368
CD	6.25,8.25	21794	-6.54139435787	-6.35072027041	-0.190674087461
CE	6.25,8.25	21568	-6.5518183257	-6.2116393544	-0.3401789713
CF	6.25,8.25	47611	-5.75996523345	-6.3227790745	0.562813841052
CG	6.25,8.25	38956	-5.96059625633	-6.21024075582	0.249644499489
CH	6.25,8.25	18437	-6.70866954534	-7.05972087799	0.351051332653
CI	6.25,8.25	67994	-5.40360959444	-5.95436075422	0.550751159782
CK	6.25,8.25	18166	-6.72347734535	-6.36304189358	-0.360435451763
CL	6.25,8.25	106349	-4.95630292174	-5.50816440269	0.551861480947
CM	6.25,8.25	24113	-6.44027794628	-7.0494196013	0.609141655022
CN	6.25,8.25	20459	-6.60460617695	-6.63712877948	0.0325226025233
CP	6.25,8.25	20137	-6.62047014153	-6.66363257541	0.0431624338834
CQ	6.25,8.25	15944	-6.85394647752	-6.73987418674	-0.114072290779
CR	6.25,8.25	19620	-6.64647960629	-6.4065823566	-0.23989724969
CS	6.25,8.25	39803	-5.93908677409	-6.23035230071	0.291265526617
CT	6.25,8.25	33286	-6.11789217226	-6.2474498744	0.129557702136
CV	6.25,8.25	74011	-5.31881532962	-5.77031530054	0.451499970923
CW	6.25,8.25	16192	-6.83851176732	-7.40393031458	0.56541854726
CY	6.25,8.25	36112	-6.03640384035	-6.499549629	0.46314578865
DD	6.25,8.25	10738	-7.24924020843	-6.0340374957	-1.21520271272
DE	6.25,8.25	15958	-6.85306878954	-5.20180438847	-1.65126440107
DF	6.25,8.25	73794	-5.32175163294	-5.31294410857	-0.00880752436509
DG	6.25,8.25	36728	-6.01948965348	-5.20040578989	-0.819083863592
DH	6.25,8.25	17646	-6.75251993163	-6.04988591206	-0.702634019565
DI	6.25,8.25	107018	-4.95003201581	-4.94452578829	-0.00550622752263
DK	6.25,8.25	12605	-7.08893549979	-5.35320692765	-1.73572857213
DL	6.25,8.25	153702	-4.5880133976	-4.49832943676	-0.0896839608474
DM	6.25,8.25	30444	-6.20714013002	-6.03958463537	-0.167555494651
DN	6.25,8.25	18199	-6.72166241291	-5.62729381355	-1.09436859936
DP	6.25,8.25	17939	-6.73605194671	-5.65379760948	-1.08225433722
DQ	6.25,8.25	12866	-7.06844088744	-5.73003922081	-1.33840166663
DR	6.25,8.25	19575	-6.64877581855	-5.39674739067	-1.25202842788
DS	6.25,8.25	32714	-6.13522593959	-5.22051733478	-0.91470860481
DT	6.25,8.25	35710	-6.04759829882	-5.23761490847	-0.809983390351
DV	6.25,8.25	109632	-4.92589975772	-4.76048033461	-0.16541942311
DW	6.25,8.25	21678	-6.54673113903	-6.39409534865	-0.15263579038
DY	6.25,8.25	46637	-5.78063484292	-5.48971466307	-0.290920179851
EE	6.25,8.25	9677	-7.35327712453	-5.75587501307	-1.59740211145
EF	6.25,8.25	83032	-5.20380298476	-5.17386319256	-0.0299397922053
EG	6.25,8.25	31512	-6.17266063476	-5.06132487387	-1.11133576089
EH	6.25,8.25	18975	-6.67990673714	-5.91080499605	-0.769101741098
EI	6.25,8.25	112721	-4.89811332134	-4.80544487228	-0.0926684490592
EK	6.25,8.25	12324	-7.11148047969	-5.21412601164	-1.89735446805
EL	6.25,8.25	170774	-4.48268801548	-4.35924852074	-0.123439494741
EM	6.25,8.25	32660	-6.13687797288	-5.90050371935	-0.236374253529
EN	6.25,8.25	14961	-6.91758224519	-5.48821289753	-1.42936934766
EP	6.25,8.25	15768	-6.86504649058	-5.51471669347	-1.35032979711
EQ	6.25,8.25	12845	-7.07007442986	-5.59095830479	-1.47911612507
ER	6.25,8.25	20534	-6.60094701155	-5.25766647466	-1.34328053689
ES	6.25,8.25	29667	-6.23299374347	-5.08143641877	-1.15155732471
ET	6.25,8.25	32693	-6.13586807272	-5.09853399245	-1.03733408026
EV	6.25,8.25	116998	-4.86087221979	-4.6213994186	-0.239472801192
EW	6.25,8.25	22880	-6.49276589391	-6.25501443264	-0.237751461277
EY	6.25,8.25	46488	-5.78383484565	-5.35063374706	-0.433201098596
FF	6.25,8.25	80693	-5.23237722993	-5.97815496582	0.745777735889
FG	6.25,8.25	88054	-5.14507879778	-5.17246459398	0.027385796196
FH	6.25,8.25	49177	-5.72760302591	-6.02194471615	0.294341690247
FI	6.25,8.25	216438	-4.24572492813	-4.91658459238	0.670859664251
FK	6.25,8.25	72687	-5.33686650893	-5.32526573175	-0.0116007771878
FL	6.25,8.25	334212	-3.81125353827	-4.47038824085	0.659134702581
FM	6.25,8.25	69420	-5.38285404999	-6.01164343946	0.628789389468
FN	6.25,8.25	62815	-5.48283516197	-5.59935261764	0.116517455668
FP	6.25,8.25	58493	-5.55412197147	-5.62585641358	0.0717344421077
FQ	6.25,8.25	54402	-5.62662814253	-5.7020980249	0.0754698823642
FR	6.25,8.25	71036	-5.35984226963	-5.36880619476	0.00896392512753
FS	6.25,8.25	98096	-5.03708246941	-5.19257613887	0.155493669465
FT	6.25,8.25	107139	-4.9489020036	-5.20967371256	0.260771708961
FV	6.25,8.25	237298	-4.15371232517	-4.73253913871	0.578826813536
FW	6.25,8.25	49425	-5.72257269137	-6.36615415274	0.643581461374
FY	6.25,8.25	115858	-4.87066375712	-5.46177346716	0.591109710043
GG	6.25,8.25	33539	-6.11032011962	-5.75307780982	-0.3572423098
GH	6.25,8.25	26168	-6.35849177019	-5.90940639747	-0.449085372723
GI	6.25,8.25	133923	-4.7257640525	-4.8040462737	0.0782822211938
GK	6.25,8.25	23925	-6.44810512309	-5.21272741306	-1.23537771003
GL	6.25,8.25	196740	-4.34114600034	-4.35784992216	0.0167039218209
GM	6.25,8.25	40888	-5.91219243896	-5.89910512078	-0.0130873181853
GN	6.25,8.25	30284	-6.21240954019	-5.48681429895	-0.725595241233
GP	6.25,8.25	31245	-6.18116969705	-5.51331809489	-0.667851602155
GQ	6.25,8.25	24020	-6.44414224377	-5.58955970621	-0.854582537561
GR	6.25,8.25	31559	-6.17117025063	-5.25626787608	-0.914902374553
GS	6.25,8.25	62024	-5.49550765351	-5.08003782019	-0.415469833324
GT	6.25,8.25	53681	-5.63996993902	-5.09713539387	-0.54283454515
GV	6.25,8.25	145182	-4.64504093266	-4.62000082002	-0.025040112642
GW	6.25,8.25	28533	-6.27196774826	-6.25361583406	-0.0183519141999
GY	6.25,8.25	59890	-5.53051951415	-5.34923514848	-0.181284365672
HH	6.25,8.25	10237	-7.29702045249	-7.45204388169	0.155023429198
HI	6.25,8.25	63602	-5.47038414403	-5.65352639587	0.183142251837
HK	6.25,8.25	10793	-7.24413128458	-6.06220753523	-1.18192374935
HL	6.25,8.25	100929	-5.00861176108	-5.20733004434	0.198718283255
HM	6.25,8.25	21444	-6.55758417446	-6.74858524295	0.191001068488
HN	6.25,8.25	14709	-6.93456950909	-6.33629442113	-0.598275087962
HP	6.25,8.25	15311	-6.8944575361	-6.36279821706	-0.531659319039
HQ	6.25,8.25	12547	-7.09354746725	-6.43903982839	-0.654507638861
HR	6.25,8.25	16461	-6.82203511368	-6.10574799825	-0.716287115431
HS	6.25,8.25	26117	-6.36044261713	-5.92951794236	-0.430924674772
HT	6.25,8.25	26521	-6.34509218843	-5.94661551605	-0.39847667238
HV	6.25,8.25	67259	-5.4144782219	-5.46948094219	0.0550027202922
HW	6.25,8.25	16366	-6.82782304832	-7.10309595623	0.275272907911
HY	6.25,8.25	32841	-6.13135132564	-6.19871527065	0.0673639450161
II	6.25,8.25	182798	-4.41464734239	-5.24131682365	0.826669481267
IK	6.25,8.25	101570	-5.00228084447	-4.95684741146	-0.0454334330118
IL	6.25,8.25	512372	-3.38397813671	-4.10196992057	0.71799178386
IM	6.25,8.25	99624	-5.02162596101	-5.64322511918	0.621599158171
IN	6.25,8.25	87666	-5.14949492151	-5.23093429736	0.0814393758476
IP	6.25,8.25	80311	-5.23712246255	-5.25743809329	0.0203156307394
IQ	6.25,8.25	72149	-5.34429563532	-5.33367970462	-0.0106159306999
IR	6.25,8.25	90753	-5.11488752998	-5.00038787448	-0.114499655497
IS	6.25,8.25	146722	-4.6344894206	-4.82415781859	0.189668397984
IT	6.25,8.25	156019	-4.57305126572	-4.84125539228	0.268204126557
IV	6.25,8.25	369677	-3.71039940902	-4.36412081842	0.6537214094
IW	6.25,8.25	61371	-5.50609164955	-5.99773583246	0.49164418291
IY	6.25,8.25	153111	-4.59186591188	-5.09335514688	0.501489235002
KK	6.25,8.25	3466	-8.38002786913	-6.05868080417	-2.32134706496
KL	6.25,8.25	139827	-4.68262311623	-4.51065105993	-0.171972056298
KM	6.25,8.25	26644	-6.34046507588	-6.05190625854	-0.288558817333
KN	6.25,8.25	11158	-7.210872331	-5.63961543672	-1.57125689428
KP	6.25,8.25	11681	-7.16506547025	-5.66611923266	-1.4989462376
KQ	6.25,8.25	9602	-7.36105765032	-5.74236084398	-1.61869680634
KR	6.25,8.25	9988	-7.32164468801	-5.40906901384	-1.91257567417
KS	6.25,8.25	23068	-6.48458268467	-5.23283895795	-1.25174372672
KT	6.25,8.25	24746	-6.41436520063	-5.24993653164	-1.16442866899
KV	6.25,8.25	96432	-5.05419096369	-4.77280195779	-0.281389005898
KW	6.25,8.25	18298	-6.71623729617	-6.40641697182	-0.309820324344
KY	6.25,8.25	39074	-5.95757177626	-5.50203628624	-0.455535490012
LL	6.25,8.25	426107	-3.56833857199	-4.34892290722	0.780584335235
LM	6.25,8.25	154396	-4.58350832991	-5.19702876764	0.613520437738
LN	6.25,8.25	121820	-4.82048451502	-4.78473794582	-0.0357465691956
LP	6.25,8.25	124842	-4.79598012265	-4.81124174176	0.015261619114
LQ	6.25,8.25	113979	-4.88701483953	-4.88748335308	0.000468513555896
LR	6.25,8.25	146310	-4.63730140204	-4.55419152295	-0.0831098790904
LS	6.25,8.25	219073	-4.23362405282	-4.37796146706	0.144337414235
LT	6.25,8.25	226899	-4.19852407588	-4.39505904074	0.196534964866
LV	6.25,8.25	561590	-3.29225701414	-3.91792446689	0.625667452749
LW	6.25,8.25	100402	-5.01384693305	-5.55153948093	0.537692547879
LY	6.25,8.25	227797	-4.19457417895	-4.64715879535	0.4525846164
MM	6.25,8.25	17260	-6.77463737477	-7.43144122396	0.656803849187
MN	6.25,8.25	25246	-6.3943613331	-6.32599314443	-0.0683681886609
MP	6.25,8.25	24652	-6.41817102733	-6.35249694037	-0.0656740869541
MQ	6.25,8.25	22235	-6.52136143646	-6.4287385517	-0.0926228847683
MR	6.25,8.25	27890	-6.29476085879	-6.09544672156	-0.199314137229
MS	6.25,8.25	42439	-5.87496130963	-5.91921666567	0.0442553560328
MT	6.25,8.25	44657	-5.82401799048	-5.93631423936	0.112296248881
MV	6.25,8.25	107656	-4.94408810199	-5.4591796655	0.515091563515
MW	6.25,8.25	20710	-6.59241238502	-7.09279467954	0.500382294521
MY	6.25,8.25	45096	-5.81423550965	-6.18841399396	0.374178484313
NN	6.25,8.25	8266	-7.51087834434	-6.60685617555	-0.904022168782
NP	6.25,8.25	15557	-6.87851836232	-5.94020611855	-0.938312243772
NQ	6.25,8.25	12443	-7.10187084463	-6.01644772987	-1.08542311476
NR	6.25,8.25	14806	-6.92799655641	-5.68315589974	-1.24484065667
NS	6.25,8.25	29591	-6.23555879938	-5.50692584385	-0.728632955539
NT	6.25,8.25	29944	-6.22370008982	-5.52402341753	-0.69967667229
NV	6.25,8.25	84038	-5.19175998292	-5.04688884368	-0.144871139244
NW	6.25,8.25	18369	-6.71236459926	-6.68050385772	-0.0318607415446
NY	6.25,8.25	37890	-5.9883418354	-5.77612317214	-0.212218663259
PP	6.25,8.25	9854	-7.3351515963	-6.65986394664	-0.675287649666
PQ	6.25,8.25	12129	-7.1274297811	-6.04295152581	-1.08447825529
PR	6.25,8.25	15454	-6.88516119091	-5.70965969567	-1.17550149524
PS	6.25,8.25	28223	-6.28289181207	-5.53342963978	-0.749462172286
PT	6.25,8.25	29493	-6.23887611337	-5.55052721347	-0.688348899902
PV	6.25,8.25	88525	-5.13974406243	-5.07339263962	-0.0663514228109
PW	6.25,8.25	19036	-6.67669713717	-6.70700765366	0.0303105164878
PY	6.25,8.25	39847	-5.93798194033	-5.80262696807	-0.135354972258
QQ	6.25,8.25	5775	-7.86949080402	-6.81234771209	-1.05714309193
QR	6.25,8.25	12635	-7.08655831959	-5.785901307	-1.30065701259
QS	6.25,8.25	22539	-6.50778191837	-5.60967125111	-0.898110667266
QT	6.25,8.25	24409	-6.42807714368	-5.62676882479	-0.801308318883
QV	6.25,8.25	74137	-5.31711432751	-5.14963425094	-0.167480076569
QW	6.25,8.25	18089	-6.72772504171	-6.78324926498	0.0555242232715
QY	6.25,8.25	33476	-6.11220029626	-5.8788685794	-0.233331716858
RR	6.25,8.25	8428	-7.49146956448	-6.14576195595	-1.34570760853
RS	6.25,8.25	29334	-6.2442818076	-5.27637942097	-0.967902386633
RT	6.25,8.25	30257	-6.21330149776	-5.29347699466	-0.919824503103
RV	6.25,8.25	101597	-5.00201505328	-4.8163424208	-0.185672632473
RW	6.25,8.25	22295	-6.51866662235	-6.44995743484	-0.0687091875056
RY	6.25,8.25	45337	-5.80890558428	-5.54557674926	-0.263328835016
SS	6.25,8.25	29039	-6.25438930632	-5.79330098806	-0.461088318266
ST	6.25,8.25	52661	-5.65915391679	-5.11724693877	-0.541906978026
SV	6.25,8.25	148265	-4.62402784723	-4.64011236491	0.0160845176844
SW	6.25,8.25	30335	-6.21072689903	-6.27372737895	0.0630004799186
SY	6.25,8.25	62365	-5.49002483985	-5.36934669337	-0.120678146479
TT	6.25,8.25	27018	-6.32652574988	-5.82749621204	-0.499029537834
TV	6.25,8.25	164635	-4.51929815809	-4.6572099386	0.13791178051
TW	6.25,8.25	32379	-6.14551899592	-6.29082495264	0.145305956725
TY	6.25,8.25	65886	-5.43510308458	-5.38644426706	-0.0486588175235
VV	6.25,8.25	216825	-4.24393848386	-4.87322534963	0.629286865773
VW	6.25,8.25	70004	-5.37447667715	-5.81369037879	0.439213701633
VY	6.25,8.25	163043	-4.52901509073	-4.90930969321	0.380294602476
WW	6.25,8.25	10271	-7.29370467024	-8.14046693821	0.846762267964
WY	6.25,8.25	36618	-6.02248913764	-6.54292470724	0.520435569607
YY	6.25,8.25	40101	-5.93162778877	-6.33169701697	0.400069228201
AA	7.25,inf	100052	-4.68306558216	-4.94179495709	0.258729374922
AC	7.25,inf	49197	-5.39292298697	-5.58295393751	0.190030950542
AD	7.25,inf	32593	-5.80465809161	-5.11502397981	-0.6896341118
AE	7.25,inf	31278	-5.84584065799	-5.07609401463	-0.769746643355
AF	7.25,inf	139845	-4.34822096658	-4.51779597091	0.169575004325
AG	7.25,inf	91954	-4.76746718099	-4.7831176977	0.0156505167127
AH	7.25,inf	28512	-5.93843058171	-5.57417610434	-0.364254477376
AI	7.25,inf	231438	-3.84444361392	-4.14753078855	0.303087174629
AK	7.25,inf	18458	-6.37325775216	-5.2303459594	-1.14291179276
AL	7.25,inf	338943	-3.46292368135	-3.72355889772	0.260635216368
AM	7.25,inf	65107	-5.11272356268	-5.34607013915	0.233346576466
AN	7.25,inf	28623	-5.93454504256	-5.35425425758	-0.580290784984
AP	7.25,inf	33816	-5.76782156974	-5.33488113489	-0.432940434841
AQ	7.25,inf	22215	-6.18798789661	-5.47187475093	-0.716113145678
AR	7.25,inf	24824	-6.07694470585	-5.15510021952	-0.921844486336
AS	7.25,inf	69661	-5.04511501272	-4.82762238973	-0.217492622989
AT	7.25,inf	68918	-5.05583824091	-4.822098054	-0.23374018691
AV	7.25,inf	256935	-3.73993249838	-4.00828382851	0.268351330124
AW	7.25,inf	37003	-5.67775664256	-5.62560277155	-0.0521538710068
AY	7.25,inf	74436	-4.97881593722	-4.79998296573	-0.178832971495
CC	7.25,inf	12739	-6.74408747887	-7.61042924805	0.866341769179
CD	7.25,inf	10011	-6.98507114456	-6.44933472015	-0.535736424415
CE	7.25,inf	9255	-7.06359168697	-6.41040475497	-0.653186932006
CF	7.25,inf	44647	-5.48996851718	-5.85210671125	0.362138194062
CG	7.25,inf	26844	-5.9987133007	-6.11742843804	0.118715137339
CH	7.25,inf	11071	-6.88442655612	-6.90848684467	0.0240602885514
CI	7.25,inf	62525	-5.15318915624	-5.48184152889	0.328652372649
CK	7.25,inf	6038	-7.49068280171	-6.56465669973	-0.92602610198
CL	7.25,inf	91557	-4.77179390385	-5.05786963806	0.286075734204
CM	7.25,inf	20127	-6.28669343575	-6.68038087949	0.393687443737
CN	7.25,inf	10520	-6.93547742569	-6.68856499792	-0.246912427774
CP	7.25,inf	10961	-6.89441211477	-6.66919187523	-0.225220239534
CQ	7.25,inf	6960	-7.34857615865	-6.80618549127	-0.542390667381
CR	7.25,inf	8227	-7.18133420481	-6.48941095986	-0.691923244957
CS	7.25,inf	24176	-6.10339522747	-6.16193313007	0.0585379026037
CT	7.25,inf	20280	-6.27912045428	-6.15640879434	-0.122711659935
CV	7.25,inf	68199	-5.06632573101	-5.34259456884	0.27626883783
CW	7.25,inf	14263	-6.63108686146	-6.95991351189	0.328826650434
CY	7.25,inf	23888	-6.1153793922	-6.13429370606	0.0189143138609
DD	7.25,inf	4577	-7.76771187133	-6.67456283406	-1.09314903727
DE	7.25,inf	6716	-7.38426289378	-5.94247479727	-1.44178809652
DF	7.25,inf	35971	-5.70604257473	-5.38417675354	-0.32186582119
DG	7.25,inf	20220	-6.28208341941	-5.64949848034	-0.632584939067
DH	7.25,inf	9124	-7.07784732858	-6.44055688697	-0.637290441607
DI	7.25,inf	56157	-5.26060429351	-5.01391157118	-0.24669272233
DK	7.25,inf	4722	-7.73652319434	-6.09672674203	-1.6397964523
DL	7.25,inf	70804	-5.02884013672	-4.58993968035	-0.438900456368
DM	7.25,inf	14860	-6.59008259371	-6.21245092179	-0.377631671925
DN	7.25,inf	7342	-7.29514434792	-6.22063504021	-1.07450930771
DP	7.25,inf	7743	-7.2419664236	-6.20126191753	-1.04070450607
DQ	7.25,inf	5472	-7.58911145268	-6.33825553357	-1.25085591911
DR	7.25,inf	7714	-7.24571877321	-6.02148100215	-1.22423777106
DS	7.25,inf	15427	-6.55263641197	-5.69400317237	-0.8586332396
DT	7.25,inf	16531	-6.48351822693	-5.68847883664	-0.79503939029
DV	7.25,inf	56472	-5.25501069291	-4.87466461114	-0.380346081765
DW	7.25,inf	10661	-6.92216341003	-6.49198355419	-0.430179855842
DY	7.25,inf	20931	-6.24752431937	-5.66636374836	-0.581160571014
EE	7.25,inf	4659	-7.74995480016	-6.59670248785	-1.15325231231
EF	7.25,inf	37597	-5.66183137302	-5.34524678836	-0.316584584657
EG	7.25,inf	15735	-6.53286810248	-5.61056851516	-0.922299587322
EH	7.25,inf	10475	-6.93976416719	-6.40162692179	-0.5381372454
EI	7.25,inf	51065	-5.35565630197	-4.974981606	-0.380674695966
EK	7.25,inf	4246	-7.84277826972	-6.05779677685	-1.78498149287
EL	7.25,inf	68090	-5.0679252735	-4.55100971517	-0.516915558331
EM	7.25,inf	14249	-6.63206890419	-6.17352095661	-0.45854794758
EN	7.25,inf	6284	-7.45074891261	-6.18170507503	-1.26904383757
EP	7.25,inf	6961	-7.34843249081	-6.16233195235	-1.18610053846
EQ	7.25,inf	5404	-7.6016162129	-6.29932556839	-1.30229064451
ER	7.25,inf	8392	-7.16147676191	-5.98255103697	-1.17892572493
ES	7.25,inf	13505	-6.68569564576	-5.65507320719	-1.03062243856
ET	7.25,inf	14949	-6.58411122503	-5.64954887146	-0.934562353572
EV	7.25,inf	52244	-5.33283058128	-4.83573464596	-0.497095935322
EW	7.25,inf	10720	-6.91664447736	-6.45305358901	-0.463590888346
EY	7.25,inf	20660	-6.26055616931	-5.62743378318	-0.633122386126
FF	7.25,inf	92157	-4.76526198867	-5.48010191891	0.714839930249
FG	7.25,inf	68136	-5.06724992516	-5.05227047144	-0.0149794537221
FH	7.25,inf	33698	-5.77131714458	-5.84332887807	0.0720117334859
FI	7.25,inf	242656	-3.79711083048	-4.41668356228	0.6195727318
FK	7.25,inf	28311	-5.94550521129	-5.49949873313	-0.446006478162
FL	7.25,inf	342908	-3.45129344339	-3.99271167145	0.541418228065
FM	7.25,inf	69298	-5.05033958725	-5.61522291288	0.564883325635
FN	7.25,inf	32881	-5.79586064965	-5.62340703131	-0.172453618337
FP	7.25,inf	34193	-5.75673468824	-5.60403390863	-0.152700779615
FQ	7.25,inf	26931	-5.99547759356	-5.74102752467	-0.254450068889
FR	7.25,inf	32483	-5.80803875744	-5.42425299325	-0.383785764188
FS	7.25,inf	64740	-5.1183763845	-5.09677516347	-0.0216012210329
FT	7.25,inf	72019	-5.01182565991	-5.09125082774	0.0794251678302
FV	7.25,inf	243289	-3.79450559591	-4.27743660224	0.482931006335
FW	7.25,inf	50170	-5.3733383945	-5.89475554529	0.521417150785
FY	7.25,inf	96823	-4.71587106363	-5.06913573946	0.353264675825
GG	7.25,inf	25674	-6.04327682634	-6.01074719371	-0.0325296326297
GH	7.25,inf	17860	-6.40619205755	-6.10865060487	-0.297541452685
GI	7.25,inf	110103	-4.58733934169	-4.68200528908	0.0946659473919
GK	7.25,inf	9712	-7.01539339868	-5.76482045993	-1.25057293876
GL	7.25,inf	151074	-4.27098585	-4.25803339825	-0.0129524517547
GM	7.25,inf	31518	-5.8381968218	-5.88054463968	0.0423478178809
GN	7.25,inf	17138	-6.44745741275	-5.88872875811	-0.558728654644
GP	7.25,inf	19624	-6.31200232604	-5.86935563542	-0.442646690619
GQ	7.25,inf	12541	-6.75975235616	-6.00634925146	-0.753403104693
GR	7.25,inf	15154	-6.57049110949	-5.68957472005	-0.880916389442
GS	7.25,inf	40224	-5.59429180059	-5.36209689027	-0.232194910326
GT	7.25,inf	37116	-5.67470748951	-5.35657255453	-0.318134934974
GV	7.25,inf	121773	-4.48659697717	-4.54275832904	0.0561613518623
GW	7.25,inf	20103	-6.28788657534	-6.16007727209	-0.127809303255
GY	7.25,inf	38146	-5.64733473005	-5.33445746626	-0.312877263789
HH	7.25,inf	7030	-7.33856892718	-7.59287342972	0.254304502544
HI	7.25,inf	42475	-5.53983996544	-5.47306369571	-0.0667762697333
HK	7.25,inf	4000	-7.90246127188	-6.55587886656	-1.34658240532
HL	7.25,inf	61717	-5.1661962133	-5.04909180488	-0.117104408418
HM	7.25,inf	13460	-6.68903330878	-6.67160304631	-0.0174302624718
HN	7.25,inf	7629	-7.25679885789	-6.67978716474	-0.577011693152
HP	7.25,inf	8700	-7.12543260734	-6.66041404206	-0.465018565284
HQ	7.25,inf	6371	-7.43699918987	-6.7974076581	-0.63959153177
HR	7.25,inf	7838	-7.22977193322	-6.48063312668	-0.749138806543
HS	7.25,inf	15203	-6.5672628562	-6.1531552969	-0.414107559305
HT	7.25,inf	14907	-6.58692473171	-6.14763096117	-0.439293770546
HV	7.25,inf	45546	-5.47003282874	-5.33381673567	-0.13621609307
HW	7.25,inf	10350	-6.95176911329	-6.95113567872	-0.00063343457254
HY	7.25,inf	20143	-6.2858987995	-6.12551587289	-0.160382926616
II	7.25,inf	198778	-3.99656700888	-4.73956969944	0.743002690556
IK	7.25,inf	40091	-5.59760376278	-5.12923355077	-0.468370212011
IL	7.25,inf	521244	-3.03253737074	-3.62244648909	0.589909118346
IM	7.25,inf	94679	-4.7382634103	-5.24495773052	0.50669432022
IN	7.25,inf	47404	-5.43004901967	-5.25314184895	-0.176907170723
IP	7.25,inf	52703	-5.32408325308	-5.23376872627	-0.0903145268094
IQ	7.25,inf	35623	-5.71576413634	-5.37076234231	-0.345001794031
IR	7.25,inf	42429	-5.54092354229	-5.05398781089	-0.486935731402
IS	7.25,inf	96848	-4.71561289385	-4.72650998111	0.0108970872573
IT	7.25,inf	107325	-4.61289401889	-4.72098564538	0.108091626487
IV	7.25,inf	379601	-3.34963493192	-3.90717141988	0.557536487963
IW	7.25,inf	59674	-5.19985921835	-5.52449036293	0.324631144576
IY	7.25,inf	123657	-4.47124402923	-4.6988705571	0.227626527867
KK	7.25,inf	986	-9.30285455738	-6.9052081245	-2.39764643288
KL	7.25,inf	49351	-5.3897976039	-4.70526165994	-0.684535943961
KM	7.25,inf	9907	-6.99551405501	-6.32777290137	-0.667741153636
KN	7.25,inf	3465	-8.04604300036	-6.3359570198	-1.71008598056
KP	7.25,inf	4135	-7.86926830452	-6.31658389712	-1.55268440741
KQ	7.25,inf	3169	-8.13533955229	-6.45357751316	-1.68176203913
KR	7.25,inf	2875	-8.23270295875	-6.13680298174	-2.09589997701
KS	7.25,inf	7837	-7.22989952493	-5.80932515196	-1.42057437297
KT	7.25,inf	9074	-7.08334245176	-5.80380081623	-1.27954163553
KV	7.25,inf	37497	-5.66449470322	-4.98998659073	-0.674508112495
KW	7.25,inf	7229	-7.31065491898	-6.60730553378	-0.703349385205
KY	7.25,inf	13213	-6.70755443957	-5.78168572795	-0.92586871162
LL	7.25,inf	408957	-3.27514561696	-3.89162448753	0.616478870572
LM	7.25,inf	135692	-4.37836802147	-4.82098583969	0.442617818222
LN	7.25,inf	60695	-5.18289431065	-4.82916995812	-0.353724352529
LP	7.25,inf	73603	-4.99006984723	-4.80979683544	-0.180273011789
LQ	7.25,inf	52463	-5.32864747377	-4.94679045148	-0.381857022291
LR	7.25,inf	60979	-5.17822609039	-4.63001592006	-0.548210170332
LS	7.25,inf	135440	-4.38022689517	-4.30253809028	-0.0776888048967
LT	7.25,inf	146622	-4.30089778659	-4.29701375455	-0.00388403204648
LV	7.25,inf	541093	-2.99516446505	-3.48319952905	0.488035064004
LW	7.25,inf	90589	-4.78242284013	-5.1005184721	0.318095631972
LY	7.25,inf	172451	-4.13864249485	-4.27489866627	0.136256171417
MM	7.25,inf	15290	-6.56155661306	-7.13665798353	0.575101370471
MN	7.25,inf	13737	-6.66866271066	-6.45168119955	-0.216981511103
MP	7.25,inf	14717	-6.59975234482	-6.43230807687	-0.167444267948
MQ	7.25,inf	10936	-6.89669553358	-6.56930169291	-0.327393840668
MR	7.25,inf	12428	-6.76880364147	-6.25252716149	-0.516276479975
MS	7.25,inf	27320	-5.9811365983	-5.92504933171	-0.0560872665865
MT	7.25,inf	29636	-5.89976579445	-5.91952499598	0.0197592015342
MV	7.25,inf	98091	-4.70286001376	-5.10571077048	0.402850756725
MW	7.25,inf	17999	-6.3984394322	-6.72302971353	0.324590281328
MY	7.25,inf	34554	-5.74623231525	-5.8974099077	0.151177592454
NN	7.25,inf	3962	-7.91200668472	-7.15302633315	-0.758980351575
NP	7.25,inf	7674	-7.25091764117	-6.4404921953	-0.810425445877
NQ	7.25,inf	5815	-7.52831484703	-6.57748581134	-0.950829035691
NR	7.25,inf	5831	-7.52556712076	-6.26071127992	-1.26485584084
NS	7.25,inf	15058	-6.57684622157	-5.93323345014	-0.643612771433
NT	7.25,inf	15005	-6.58037215411	-5.92770911441	-0.6526630397
NV	7.25,inf	45878	-5.46276993367	-5.11389488891	-0.348875044758
NW	7.25,inf	9985	-6.98767166613	-6.73121383196	-0.256457834174
NY	7.25,inf	17895	-6.40423428878	-5.90559402613	-0.498640262652
PP	7.25,inf	4621	-7.75814450111	-7.11427982234	-0.643864678772
PQ	7.25,inf	5168	-7.64626986652	-6.55811268865	-1.08815717787
PR	7.25,inf	5888	-7.51583925157	-6.24133815724	-1.27450109434
PS	7.25,inf	15182	-6.56864511741	-5.91386032745	-0.65478478995
PT	7.25,inf	16510	-6.48478937507	-5.90833599172	-0.576453383344
PV	7.25,inf	57079	-5.24431935982	-5.09452176623	-0.14979759359
PW	7.25,inf	10383	-6.94858577968	-6.71184070927	-0.236745070404
PY	7.25,inf	19449	-6.32095997814	-5.88622090345	-0.434739074693
QQ	7.25,inf	2540	-8.35659155197	-7.38826904667	-0.968322505299
QR	7.25,inf	4671	-7.74738245148	-6.37833177328	-1.3690506782
QS	7.25,inf	10192	-6.96715253417	-6.05085394349	-0.916298590675
QT	7.25,inf	11125	-6.87956080495	-6.04532960776	-0.834231197184
QV	7.25,inf	37446	-5.66585573782	-5.23151538227	-0.434340355554
QW	7.25,inf	9192	-7.07042209245	-6.84883432531	-0.221587767139
QY	7.25,inf	15372	-6.5562079603	-6.02321451949	-0.532993440812
RR	7.25,inf	3019	-8.18382998227	-6.75471575881	-1.42911422346
RS	7.25,inf	12401	-6.77097851848	-5.73407941208	-1.0368991064
RT	7.25,inf	12206	-6.78682799888	-5.72855507635	-1.05827292253
RV	7.25,inf	46294	-5.45374326994	-4.91474085085	-0.539002419088
RW	7.25,inf	10174	-6.9689201866	-6.5320597939	-0.436860392701
RY	7.25,inf	18809	-6.35442015431	-5.70643998807	-0.647980166242
SS	7.25,inf	15969	-6.51810629014	-6.09975693342	-0.418349356717
ST	7.25,inf	30232	-5.87985466695	-5.40107724656	-0.478777420388
SV	7.25,inf	96932	-4.71474593126	-4.58726302107	-0.127482910195
SW	7.25,inf	18842	-6.35266721237	-6.20458196411	-0.148085248258
SY	7.25,inf	34681	-5.74256364644	-5.37896215829	-0.363601488153
TT	7.25,inf	16273	-6.49924834032	-6.08870821695	-0.410540123372
TV	7.25,inf	112284	-4.56772425692	-4.58173868534	0.0140144284174
TW	7.25,inf	20045	-6.29077588691	-6.19905762838	-0.0917182585213
TY	7.25,inf	37450	-5.66574892304	-5.37343782255	-0.292311100481
VV	7.25,inf	217060	-3.90858181998	-4.46107524135	0.552493421365
VW	7.25,inf	63381	-5.13959150101	-5.38524340289	0.245651901873
VY	7.25,inf	126105	-4.45164073974	-4.55962359706	0.107982857313
WW	7.25,inf	8703	-7.12508783919	-7.69572767383	0.57063983464
WY	7.25,inf	28559	-5.93678351015	-6.17694254011	0.240159029959
YY	7.25,inf	25694	-6.04249813139	-6.04447786267	0.00197973127704
