CLIQUE	DEPTH	OBS	LOG_OBS	LOG_EXP	LOG_ODD
AA	-inf,5.25	100823	-4.89648754492	-5.25762266997	0.361135125051
AC	-inf,5.25	20525	-6.48821039379	-6.48813939335	-7.10004407241e-05
AD	-inf,5.25	139005	-4.57534414542	-4.6034603777	0.0281162322789
AE	-inf,5.25	147312	-4.51730126258	-4.38872563305	-0.128575629537
AF	-inf,5.25	45992	-5.68138658081	-5.46609383692	-0.215292743884
AG	-inf,5.25	159953	-4.43497402705	-4.54116118031	0.106187153262
AH	-inf,5.25	44638	-5.71126853493	-5.56477638254	-0.146492152387
AI	-inf,5.25	75968	-5.17954185014	-5.10727855087	-0.0722632992761
AK	-inf,5.25	115397	-4.76147569193	-4.56265112243	-0.198824569499
AL	-inf,5.25	145505	-4.52964359885	-4.59355104005	0.0639074412059
AM	-inf,5.25	39575	-5.83165644336	-5.89216213358	0.0605056902219
AN	-inf,5.25	89762	-5.01269232596	-4.95087073046	-0.0618215955061
AP	-inf,5.25	103928	-4.86615569744	-4.94991329302	0.0837575955877
AQ	-inf,5.25	87935	-5.03325614394	-5.0303631245	-0.00289301943799
AR	-inf,5.25	104633	-4.85939505968	-4.71868163895	-0.140713420728
AS	-inf,5.25	143455	-4.54383265196	-4.65000518369	0.106172531727
AT	-inf,5.25	111874	-4.79248081112	-4.77787822104	-0.0146025900867
AV	-inf,5.25	108416	-4.82387836954	-4.83331985138	0.00944148183763
AW	-inf,5.25	16965	-6.67870165089	-6.40451102076	-0.27419063013
AY	-inf,5.25	46780	-5.66439828797	-5.36871525959	-0.295683028379
CC	-inf,5.25	9706	-7.23710979815	-9.10497358618	1.86786378803
CD	-inf,5.25	20115	-6.50838824373	-6.52712722685	0.0187389831248
CE	-inf,5.25	18417	-6.59657989802	-6.3123924822	-0.284187415818
CF	-inf,5.25	6561	-7.62871101877	-7.38976068608	-0.238950332692
CG	-inf,5.25	26841	-6.2199234799	-6.46482802946	0.244904549566
CH	-inf,5.25	9129	-7.29839788955	-7.48844323169	0.190045342145
CI	-inf,5.25	11117	-7.10137858088	-7.03094540002	-0.0704331808609
CK	-inf,5.25	17265	-6.66117271829	-6.48631797158	-0.174854746708
CL	-inf,5.25	17135	-6.6687308938	-6.5172178892	-0.151513004599
CM	-inf,5.25	5121	-7.87650431665	-7.81582898274	-0.0606753339138
CN	-inf,5.25	15803	-6.7496542537	-6.87453757961	0.124883325906
CP	-inf,5.25	18675	-6.58266831811	-6.87358014217	0.290911824064
CQ	-inf,5.25	11722	-7.04838663108	-6.95402997365	-0.0943566574211
CR	-inf,5.25	14591	-6.82944914885	-6.64234848811	-0.187100660742
CS	-inf,5.25	25959	-6.25333567884	-6.57367203284	0.320336354001
CT	-inf,5.25	16655	-6.69714357748	-6.70154507019	0.00440149270235
CV	-inf,5.25	14271	-6.85162454301	-6.75698670053	-0.0946378424827
CW	-inf,5.25	3103	-8.37748466366	-8.32817786991	-0.0493067937487
CY	-inf,5.25	8353	-7.38723329336	-7.29238210875	-0.0948511846106
DD	-inf,5.25	61097	-5.39739128399	-5.33559845407	-0.0617928299257
DE	-inf,5.25	137567	-4.58574297797	-4.42771346655	-0.158029511425
DF	-inf,5.25	51413	-5.56996299036	-5.50508167043	-0.0648813199324
DG	-inf,5.25	135168	-4.60333559993	-4.58014901381	-0.0231865861124
DH	-inf,5.25	53757	-5.52538015804	-5.60376421604	0.078384058
DI	-inf,5.25	80351	-5.12344951147	-5.14626638437	0.0228168728958
DK	-inf,5.25	171955	-4.36262123445	-4.60163895593	0.239017721477
DL	-inf,5.25	129121	-4.6491040999	-4.63253887356	-0.0165652263488
DM	-inf,5.25	36885	-5.90204908479	-5.93114996709	0.0291008822934
DN	-inf,5.25	100882	-4.89590253213	-4.98985856396	0.0939560318255
DP	-inf,5.25	96613	-4.9391407414	-4.98890112653	0.0497603851299
DQ	-inf,5.25	86722	-5.04714644897	-5.06935095801	0.022204509032
DR	-inf,5.25	143321	-4.54476717932	-4.75766947246	0.212902293133
DS	-inf,5.25	134074	-4.6114621628	-4.68899301719	0.0775308543887
DT	-inf,5.25	115228	-4.76294127485	-4.81686605454	0.0539247796922
DV	-inf,5.25	102640	-4.87862632882	-4.87230768488	-0.00631864394222
DW	-inf,5.25	20479	-6.49045407828	-6.44349885427	-0.0469552240094
DY	-inf,5.25	64943	-5.33634408703	-5.4077030931	0.0713590060638
EE	-inf,5.25	93877	-4.96786863435	-4.90612837299	-0.0617402613602
EF	-inf,5.25	58706	-5.43731211287	-5.29034692577	-0.146965187096
EG	-inf,5.25	129996	-4.64235036838	-4.36541426916	-0.276936099219
EH	-inf,5.25	60735	-5.40333391098	-5.38902947139	-0.0143044395883
EI	-inf,5.25	97404	-4.93098677156	-4.93153163971	0.000544868151865
EK	-inf,5.25	228736	-4.07728554903	-4.38690421128	0.309618662244
EL	-inf,5.25	160314	-4.43271965708	-4.4178041289	-0.0149155281817
EM	-inf,5.25	44663	-5.71070863077	-5.71641522243	0.00570659166403
EN	-inf,5.25	109310	-4.81566616682	-4.77512381931	-0.0405423475183
EP	-inf,5.25	103255	-4.87265239231	-4.77416638187	-0.0984860104389
EQ	-inf,5.25	104266	-4.86290872301	-4.85461621335	-0.00829250965748
ER	-inf,5.25	195483	-4.23438063001	-4.5429347278	0.308554097796
ES	-inf,5.25	137950	-4.58296274847	-4.47425827254	-0.108704475931
ET	-inf,5.25	126072	-4.67300087681	-4.60213130988	-0.0708695669264
EV	-inf,5.25	117434	-4.74397757549	-4.65757294023	-0.086404635261
EW	-inf,5.25	24163	-6.32503151159	-6.22876410961	-0.0962674019745
EY	-inf,5.25	71596	-5.23881484265	-5.19296834844	-0.0458464942029
FF	-inf,5.25	12424	-6.99022396328	-7.06086956602	0.0706456027405
FG	-inf,5.25	47239	-5.65463422653	-5.44278247304	-0.21185175349
FH	-inf,5.25	20561	-6.48645797159	-6.46639767527	-0.0200602963273
FI	-inf,5.25	32372	-6.0325601975	-6.00889984359	-0.023660353905
FK	-inf,5.25	51922	-5.56011145667	-5.46427241515	-0.0958390415214
FL	-inf,5.25	54119	-5.51866872346	-5.49517233278	-0.0234963906771
FM	-inf,5.25	17223	-6.66360834928	-6.79378342631	0.130175077033
FN	-inf,5.25	36136	-5.92256445078	-5.85249202318	-0.070072427595
FP	-inf,5.25	39484	-5.83395852257	-5.85153458575	0.0175760631747
FQ	-inf,5.25	34036	-5.98243526114	-5.93198441723	-0.0504508439141
FR	-inf,5.25	44014	-5.725346284	-5.62030293168	-0.105043352323
FS	-inf,5.25	49118	-5.61562848273	-5.55162647641	-0.0640020063204
FT	-inf,5.25	43080	-5.74679519684	-5.67949951376	-0.0672956830812
FV	-inf,5.25	41036	-5.7954043189	-5.7349411441	-0.0604631748016
FW	-inf,5.25	8791	-7.33612557826	-7.30613231349	-0.029993264772
FY	-inf,5.25	27172	-6.2076670178	-6.27033655232	0.0626695345186
GG	-inf,5.25	74141	-5.2038853635	-5.21099987433	0.00711451082662
GH	-inf,5.25	45587	-5.69023146097	-5.54146501865	-0.148766442321
GI	-inf,5.25	76151	-5.1771358379	-5.08396718698	-0.0931686509202
GK	-inf,5.25	119387	-4.72748373182	-4.53933975854	-0.188143973281
GL	-inf,5.25	129442	-4.64662114476	-4.57023967617	-0.0763814685994
GM	-inf,5.25	37703	-5.88011438224	-5.8688507697	-0.0112636125485
GN	-inf,5.25	95768	-4.94792544918	-4.92755936657	-0.0203660826113
GP	-inf,5.25	105532	-4.85083982467	-4.92660192914	0.0757621044662
GQ	-inf,5.25	75266	-5.18882554352	-5.00705176062	-0.181773782902
GR	-inf,5.25	95078	-4.95515644178	-4.69537027507	-0.25978616671
GS	-inf,5.25	152512	-4.48261076765	-4.6266938198	0.144083052145
GT	-inf,5.25	122493	-4.70180016363	-4.75456685715	0.0527666935125
GV	-inf,5.25	109492	-4.8140025619	-4.81000848749	-0.00399407441324
GW	-inf,5.25	18247	-6.60585336618	-6.38119965688	-0.2246537093
GY	-inf,5.25	56859	-5.46927953012	-5.34540389571	-0.123875634411
HH	-inf,5.25	18501	-6.59202926445	-7.2582354098	0.666206145351
HI	-inf,5.25	27722	-6.18762772734	-6.10758238921	-0.0800453381306
HK	-inf,5.25	43595	-5.73491158425	-5.56295496077	-0.17195662348
HL	-inf,5.25	49129	-5.61540455732	-5.59385487839	-0.0215496789238
HM	-inf,5.25	15219	-6.78730940188	-6.89246597193	0.105156570049
HN	-inf,5.25	33482	-5.99884606814	-5.9511745688	-0.0476714993371
HP	-inf,5.25	37815	-5.87714819982	-5.95021713137	0.0730689315437
HQ	-inf,5.25	32408	-6.03144874323	-6.03066696284	-0.000781780384423
HR	-inf,5.25	40959	-5.79728248276	-5.7189854773	-0.0782970054626
HS	-inf,5.25	45126	-5.70039547206	-5.65030902203	-0.050086450029
HT	-inf,5.25	40363	-5.81194052539	-5.77818205938	-0.0337584660089
HV	-inf,5.25	35172	-5.94960373761	-5.83362368972	-0.115980047894
HW	-inf,5.25	8669	-7.35010060524	-7.40481485911	0.0547142538621
HY	-inf,5.25	24544	-6.30938662394	-6.36901909794	0.0596324739911
II	-inf,5.25	28624	-6.15560852236	-6.3432368063	0.187628283935
IK	-inf,5.25	87712	-5.03579532901	-5.1054571291	0.0696618000858
IL	-inf,5.25	84243	-5.0761485694	-5.13635704672	0.0602084773178
IM	-inf,5.25	24276	-6.32036584116	-6.43496814025	0.114602299095
IN	-inf,5.25	62770	-5.3703767968	-5.49367673712	0.123299940324
IP	-inf,5.25	60477	-5.40759092166	-5.49271929969	0.0851283780275
IQ	-inf,5.25	50197	-5.59389878517	-5.57316913117	-0.0207296540037
IR	-inf,5.25	60872	-5.40108075026	-5.26148764562	-0.139593104634
IS	-inf,5.25	77931	-5.15403022933	-5.19281119035	0.038780961026
IT	-inf,5.25	67593	-5.29634962174	-5.3206842277	0.024334605964
IV	-inf,5.25	62798	-5.3699308233	-5.37612585804	0.00619503474824
IW	-inf,5.25	9842	-7.22319510669	-6.94731702743	-0.275878079255
IY	-inf,5.25	36522	-5.91193923039	-5.91152126626	-0.000417964128564
KK	-inf,5.25	69220	-5.27256421092	-5.25397982107	-0.0185843898563
KL	-inf,5.25	134449	-4.60866910415	-4.59172961828	-0.0169394858695
KM	-inf,5.25	37101	-5.8962101257	-5.89034071181	-0.00586941388833
KN	-inf,5.25	105159	-4.85438055863	-4.94904930869	0.0946687500539
KP	-inf,5.25	80293	-5.12417160508	-4.94809187125	-0.176079733825
KQ	-inf,5.25	84947	-5.06782651653	-5.02854170273	-0.0392848137943
KR	-inf,5.25	86152	-5.0537408711	-4.71686021718	-0.336880653919
KS	-inf,5.25	118405	-4.73574309784	-4.64818376192	-0.087559335926
KT	-inf,5.25	106582	-4.84093940719	-4.77605679926	-0.0648826079262
KV	-inf,5.25	99474	-4.90995774564	-4.83149842961	-0.0784593160377
KW	-inf,5.25	20854	-6.47230827276	-6.40268959899	-0.0696186737697
KY	-inf,5.25	68518	-5.28275756466	-5.36689383782	0.0841362731653
LL	-inf,5.25	78218	-5.15035424904	-5.31577974858	0.165425499538
LM	-inf,5.25	39932	-5.82267604166	-5.92124062944	0.0985645877829
LN	-inf,5.25	91892	-4.9892400747	-4.97994922631	-0.00929084838843
LP	-inf,5.25	107625	-4.83120108638	-4.97899178888	0.147790702496
LQ	-inf,5.25	93295	-4.97408753328	-5.05944162036	0.0853540870767
LR	-inf,5.25	112880	-4.78352874159	-4.74776013481	-0.0357686067764
LS	-inf,5.25	131848	-4.6282043052	-4.67908367954	0.0508793743429
LT	-inf,5.25	108569	-4.82246813358	-4.80695671689	-0.0155114166866
LV	-inf,5.25	106265	-4.84391807482	-4.86239834723	0.0184802724126
LW	-inf,5.25	18370	-6.5991351499	-6.43358951662	-0.165545633285
LY	-inf,5.25	57778	-5.45324596874	-5.39779375545	-0.0554522132957
MM	-inf,5.25	6837	-7.5875050102	-7.91301001384	0.32550500364
MN	-inf,5.25	27676	-6.18928843749	-6.27856031984	0.0892718823494
MP	-inf,5.25	27512	-6.195231776	-6.27760288241	0.0823711064093
MQ	-inf,5.25	25570	-6.26843425983	-6.35805271389	0.0896184540618
MR	-inf,5.25	29564	-6.12329664421	-6.04637122834	-0.0769254158671
MS	-inf,5.25	36753	-5.90563419415	-5.97769477307	0.0720605789224
MT	-inf,5.25	30070	-6.10632605213	-6.10556781042	-0.000758241708769
MV	-inf,5.25	28743	-6.15145978979	-6.16100944076	0.00954965096999
MW	-inf,5.25	5457	-7.81295486093	-7.73220061015	-0.0807542507768
MY	-inf,5.25	17452	-6.65039979387	-6.69640484898	0.0460050551111
NN	-inf,5.25	45301	-5.69652494183	-6.03042043166	0.333895489826
NP	-inf,5.25	70187	-5.25869094043	-5.33631147928	0.0776205388499
NQ	-inf,5.25	64443	-5.34407293697	-5.41676131076	0.0726883737916
NR	-inf,5.25	71824	-5.23563536709	-5.10507982521	-0.130555541877
NS	-inf,5.25	97388	-4.93115104936	-5.03640336994	0.105252320588
NT	-inf,5.25	85646	-5.05963152714	-5.16427640729	0.10464488015
NV	-inf,5.25	72132	-5.23135627528	-5.21971803764	-0.0116382376489
NW	-inf,5.25	14613	-6.82794250564	-6.79090920702	-0.0370332986154
NY	-inf,5.25	48220	-5.63408017638	-5.75511344585	0.121033269476
PP	-inf,5.25	40681	-5.80409289615	-6.02850555264	0.224412656493
PQ	-inf,5.25	60322	-5.41015716948	-5.41580387333	0.00564670384681
PR	-inf,5.25	71963	-5.23370195109	-5.10412238778	-0.129579563309
PS	-inf,5.25	97895	-4.92595857342	-5.03544593251	0.109487359091
PT	-inf,5.25	86094	-5.05441432654	-5.16331896986	0.108904643324
PV	-inf,5.25	82784	-5.09361924313	-5.2187606002	0.125141357076
PW	-inf,5.25	16563	-6.70268275716	-6.78995176959	0.0872690124285
PY	-inf,5.25	47425	-5.65070453331	-5.75415600842	0.10345147511
QQ	-inf,5.25	33817	-5.9888904145	-6.18940557836	0.200515163861
QR	-inf,5.25	76484	-5.1727724805	-5.18457221926	0.0117997387598
QS	-inf,5.25	82097	-5.10195257414	-5.11589576399	0.0139431898479
QT	-inf,5.25	72034	-5.23271581935	-5.24376880134	0.0110529819861
QV	-inf,5.25	63891	-5.35267554274	-5.29921043168	-0.0534651110546
QW	-inf,5.25	15086	-6.7960868877	-6.87040160107	0.0743147133694
QY	-inf,5.25	38720	-5.85349778672	-5.8346058399	-0.018891946823
RR	-inf,5.25	48344	-5.63151193007	-5.56604135055	-0.0654705795217
RS	-inf,5.25	95826	-4.94732000223	-4.80421427844	-0.143105723785
RT	-inf,5.25	87186	-5.04181028156	-4.93208731579	-0.109722965772
RV	-inf,5.25	81951	-5.10373254145	-4.98752894613	-0.116203595319
RW	-inf,5.25	19157	-6.55718586505	-6.55872011552	0.00153425047243
RY	-inf,5.25	51747	-5.56348758968	-5.52292435435	-0.0405632353293
SS	-inf,5.25	80357	-5.12337484189	-5.42868821194	0.305313370056
ST	-inf,5.25	113653	-4.77670410235	-4.86341086052	0.0867067581757
SV	-inf,5.25	101386	-4.89091903457	-4.91885249087	0.0279334562993
SW	-inf,5.25	17019	-6.67552368212	-6.49004366025	-0.185480021866
SY	-inf,5.25	57124	-5.46462970554	-5.45424789908	-0.0103818064572
TT	-inf,5.25	57329	-5.46104744524	-5.68443472427	0.223387279031
TV	-inf,5.25	92701	-4.98047478913	-5.04672552821	0.0662507390842
TW	-inf,5.25	15034	-6.79953974637	-6.6179166976	-0.181623048775
TY	-inf,5.25	47816	-5.64249373761	-5.58212093643	-0.0603728011774
VV	-inf,5.25	45626	-5.68937631966	-5.79531819279	0.105941873133
VW	-inf,5.25	14096	-6.86396297994	-6.67335832794	-0.190604651994
VY	-inf,5.25	43676	-5.73305529698	-5.63756256677	-0.0954927302052
WW	-inf,5.25	2427	-8.62319812239	-8.93771522337	0.314517100981
WY	-inf,5.25	10450	-7.16325207072	-7.20875373616	0.0455016654398
YY	-inf,5.25	15948	-6.74052061961	-6.86611173811	0.125591118502
AA	4.25,6.25	112808	-4.88899712669	-5.13697530907	0.247978182376
AC	4.25,6.25	37367	-5.99389642325	-6.1585696763	0.164673253055
AD	4.25,6.25	125445	-4.78281696972	-4.65104875852	-0.131768211209
AE	4.25,6.25	137560	-4.69062419966	-4.46337572759	-0.227248472075
AF	4.25,6.25	79888	-5.23405873147	-5.19238197328	-0.0416767581826
AG	4.25,6.25	138660	-4.68265949171	-4.56699276376	-0.115666727956
AH	4.25,6.25	52438	-5.65505286588	-5.56333131387	-0.091721552017
AI	4.25,6.25	133239	-4.72253987718	-4.81639790806	0.0938580308826
AK	4.25,6.25	109774	-4.91626067836	-4.63653548456	-0.279725193804
AL	4.25,6.25	237199	-4.14578493396	-4.31887654733	0.173091613368
AM	4.25,6.25	54572	-5.61516345452	-5.74948732081	0.13432386629
AN	4.25,6.25	89190	-5.12391545955	-4.98916917348	-0.134746286069
AP	4.25,6.25	87768	-5.13998741571	-4.99731194331	-0.142675472398
AQ	4.25,6.25	84128	-5.18234493668	-5.07435492338	-0.107990013299
AR	4.25,6.25	105307	-4.95780449156	-4.76804290036	-0.189761591202
AS	4.25,6.25	145684	-4.63324449274	-4.65044084822	0.017196355477
AT	4.25,6.25	126557	-4.77399158566	-4.74964182966	-0.0243497559962
AV	4.25,6.25	171831	-4.46817294958	-4.57629478321	0.108121833628
AW	4.25,6.25	28932	-6.24973613624	-6.19865935754	-0.0510767786967
AY	4.25,6.25	75733	-5.28747038846	-5.21493964503	-0.072530743433
CC	4.25,6.25	20431	-6.59763102997	-8.56647493614	1.96884390617
CD	4.25,6.25	29397	-6.2337917569	-6.36579282817	0.132001071263
CE	4.25,6.25	27453	-6.30220893362	-6.17811979724	-0.124089136386
CF	4.25,6.25	15872	-6.85012783468	-6.90712604294	0.0569982082535
CG	4.25,6.25	37032	-6.0029019815	-6.28173683341	0.278834851911
CH	4.25,6.25	15720	-6.85975059822	-7.27807538352	0.418324785293
CI	4.25,6.25	24033	-6.43525649932	-6.53114197772	0.0958854783918
CK	4.25,6.25	25771	-6.3654345565	-6.35127955421	-0.0141550022934
CL	4.25,6.25	38152	-5.97310620423	-6.03362061698	0.0605144127526
CM	4.25,6.25	10806	-7.2345828498	-7.46423139047	0.229648540663
CN	4.25,6.25	24338	-6.42264547031	-6.70391324313	0.281267772819
CP	4.25,6.25	26462	-6.33897464361	-6.71205601296	0.373081369359
CQ	4.25,6.25	18542	-6.69464595604	-6.78909899303	0.0944530369906
CR	4.25,6.25	23483	-6.45840763011	-6.48278697001	0.0243793398974
CS	4.25,6.25	40354	-5.91699386283	-6.36518491787	0.448191055038
CT	4.25,6.25	29010	-6.24704378709	-6.46438589931	0.217342112222
CV	4.25,6.25	30655	-6.19188860401	-6.29103885286	0.0991502488475
CW	4.25,6.25	6717	-7.71004275894	-7.91340342719	0.203360668253
CY	4.25,6.25	18734	-6.68434433044	-6.92968371468	0.245339384245
DD	4.25,6.25	42420	-5.86706443609	-5.55142219347	-0.315642242619
DE	4.25,6.25	88539	-5.13124125232	-4.67059887945	-0.460642372866
DF	4.25,6.25	70860	-5.35397828579	-5.39960512515	0.0456268393601
DG	4.25,6.25	92247	-5.09021462316	-4.77421591562	-0.31599870754
DH	4.25,6.25	49201	-5.71877043673	-5.77055446573	0.0517840289987
DI	4.25,6.25	110690	-4.90795088383	-5.02362105993	0.1156701761
DK	4.25,6.25	115751	-4.86324305299	-4.84375863642	-0.0194844165669
DL	4.25,6.25	172572	-4.46386984453	-4.52609969919	0.0622298546608
DM	4.25,6.25	40205	-5.92069301923	-5.95671047268	0.0360174534526
DN	4.25,6.25	75867	-5.28570257798	-5.19639232534	-0.0893102526363
DP	4.25,6.25	63999	-5.45581692699	-5.20453509518	-0.251281831812
DQ	4.25,6.25	61872	-5.48961665036	-5.28157807524	-0.208038575117
DR	4.25,6.25	112641	-4.89047861501	-4.97526605222	0.0847874372088
DS	4.25,6.25	101853	-4.99115378791	-4.85766400008	-0.133489787823
DT	4.25,6.25	99693	-5.01258892135	-4.95686498153	-0.055723939828
DV	4.25,6.25	130842	-4.74069389683	-4.78351793507	0.0428240382433
DW	4.25,6.25	27488	-6.30093483942	-6.40588250941	0.104947669982
DY	4.25,6.25	80483	-5.22663840323	-5.4221627969	0.195524393669
EE	4.25,6.25	56302	-5.58395432673	-5.17607560072	-0.407878726008
EF	4.25,6.25	80155	-5.23072212508	-5.21193209422	-0.0187900308645
EG	4.25,6.25	80852	-5.22206406234	-4.58654288469	-0.635521177651
EH	4.25,6.25	51868	-5.66598235554	-5.5828814348	-0.0831009207386
EI	4.25,6.25	131306	-4.73715390808	-4.835948029	0.0987941209157
EK	4.25,6.25	148035	-4.61723565293	-4.65608560549	0.0388499525584
EL	4.25,6.25	208885	-4.27290052393	-4.33842666827	0.0655261443328
EM	4.25,6.25	47217	-5.75993038799	-5.76903744175	0.00910705376117
EN	4.25,6.25	75536	-5.29007502142	-5.00871929441	-0.281355727009
EP	4.25,6.25	63692	-5.46062541923	-5.01686206425	-0.443763354985
EQ	4.25,6.25	71719	-5.3419286797	-5.09390504431	-0.248023635384
ER	4.25,6.25	146354	-4.62865604072	-4.78759302129	0.158936980572
ES	4.25,6.25	103234	-4.97768612907	-4.66999096915	-0.307695159919
ET	4.25,6.25	105229	-4.95854545751	-4.7691919506	-0.189353506914
EV	4.25,6.25	151069	-4.59694769914	-4.59584490414	-0.00110279499846
EW	4.25,6.25	32514	-6.13301361941	-6.21820947848	0.085195859063
EY	4.25,6.25	88614	-5.13039452655	-5.23448976597	0.104095239413
FF	4.25,6.25	25469	-6.37722235888	-6.63409085155	0.256868492669
FG	4.25,6.25	60628	-5.50992755266	-5.31554913039	-0.194378422268
FH	4.25,6.25	33696	-6.09730524927	-6.3118876805	0.214582431225
FI	4.25,6.25	68425	-5.3889461303	-5.5649542747	0.176008144399
FK	4.25,6.25	72745	-5.32772421006	-5.38509185119	0.057367641132
FL	4.25,6.25	111360	-4.90191618864	-5.06743291396	0.165516725324
FM	4.25,6.25	29381	-6.2343361783	-6.49804368745	0.263707509148
FN	4.25,6.25	51892	-5.66551974952	-5.73772554011	0.0722057905943
FP	4.25,6.25	52691	-5.65023972225	-5.74586830995	0.095628587694
FQ	4.25,6.25	48913	-5.72464117541	-5.82291129001	0.0982701146071
FR	4.25,6.25	64307	-5.45101589521	-5.51659926699	0.065583371782
FS	4.25,6.25	71555	-5.34421800046	-5.39899721485	0.0547792143895
FT	4.25,6.25	69092	-5.37924543539	-5.4981981963	0.118952760901
FV	4.25,6.25	81746	-5.21106750631	-5.32485114984	0.113783643531
FW	4.25,6.25	18766	-6.68263766336	-6.94721572417	0.264578060817
FY	4.25,6.25	51720	-5.66883983132	-5.96349601166	0.294656180343
GG	4.25,6.25	55540	-5.59758090335	-5.38330995382	-0.214270949524
GH	4.25,6.25	39178	-5.94656902046	-5.68649847097	-0.260070549495
GI	4.25,6.25	96727	-5.04279180768	-4.93956506517	-0.103226742507
GK	4.25,6.25	75597	-5.28926778537	-4.75970264166	-0.529565143706
GL	4.25,6.25	158798	-4.54705143095	-4.44204370443	-0.105007726516
GM	4.25,6.25	36983	-6.00422603762	-5.87265447792	-0.131571559707
GN	4.25,6.25	70465	-5.35956825258	-5.11233633058	-0.247231922
GP	4.25,6.25	66807	-5.41287651975	-5.12047910042	-0.292397419338
GQ	4.25,6.25	53196	-5.64070117967	-5.19752208048	-0.443179099191
GR	4.25,6.25	70613	-5.3574701217	-4.89121005746	-0.466260064237
GS	4.25,6.25	112142	-4.89491845984	-4.77360800532	-0.121310454517
GT	4.25,6.25	100125	-5.00826497984	-4.87280898677	-0.13545599307
GV	4.25,6.25	125266	-4.78424490891	-4.69946194031	-0.0847829685979
GW	4.25,6.25	23572	-6.45462481825	-6.32182651465	-0.132798303604
GY	4.25,6.25	68032	-5.39470620251	-5.33810680214	-0.0565994003706
HH	4.25,6.25	14846	-6.91695391653	-7.37599192696	0.459038010428
HI	4.25,6.25	45111	-5.80555826602	-5.93590361528	0.130345349261
HK	4.25,6.25	37165	-5.99931692705	-5.75604119177	-0.243275735277
HL	4.25,6.25	73688	-5.31484442154	-5.43838225454	0.123537833005
HM	4.25,6.25	18836	-6.67891445284	-6.86899302803	0.190078575184
HN	4.25,6.25	31275	-6.17186532887	-6.10867488069	-0.0631904481805
HP	4.25,6.25	33626	-6.09938480797	-6.11681765053	0.0174328425572
HQ	4.25,6.25	28981	-6.24804394237	-6.19386063059	-0.0541833117786
HR	4.25,6.25	39309	-5.94323088494	-5.88754860757	-0.0556822773615
HS	4.25,6.25	44611	-5.81670391984	-5.76994655543	-0.0467573644049
HT	4.25,6.25	44098	-5.82826995528	-5.86914753688	0.0408775816018
HV	4.25,6.25	54293	-5.62028908004	-5.69580049042	0.075511410381
HW	4.25,6.25	13648	-7.00109139448	-7.31816506476	0.31707367028
HY	4.25,6.25	35450	-6.04656113225	-6.33444535225	0.287884219998
II	4.25,6.25	58540	-5.54497410396	-5.88212105042	0.337146946458
IK	4.25,6.25	119013	-4.83545165438	-5.00910778597	0.173656131587
IL	4.25,6.25	173441	-4.45884690131	-4.69144884874	0.232601947435
IM	4.25,6.25	42711	-5.86022788693	-6.12205962223	0.261831735301
IN	4.25,6.25	86510	-5.15442437103	-5.36174147489	0.207317103858
IP	4.25,6.25	77283	-5.2672103762	-5.36988424472	0.102673868526
IQ	4.25,6.25	72706	-5.32826047314	-5.44692722479	0.11866675165
IR	4.25,6.25	90843	-5.10555164343	-5.14061520177	0.0350635583379
IS	4.25,6.25	113823	-4.88003977499	-5.02301314963	0.14297337464
IT	4.25,6.25	107363	-4.93846876902	-5.12221413108	0.183745362051
IV	4.25,6.25	129529	-4.75077959093	-4.94886708462	0.198087493687
IW	4.25,6.25	22384	-6.5063379673	-6.57123165895	0.0648936916522
IY	4.25,6.25	74212	-5.30775852306	-5.58751194644	0.279753423384
KK	4.25,6.25	43321	-5.84604687933	-5.52239560085	-0.323651278483
KL	4.25,6.25	180482	-4.41905333542	-4.51158642524	0.0925330898189
KM	4.25,6.25	39751	-5.93204938721	-5.94219719872	0.0101478115109
KN	4.25,6.25	73709	-5.3145594768	-5.18187905138	-0.132680425413
KP	4.25,6.25	52294	-5.65780274349	-5.19002182122	-0.467780922272
KQ	4.25,6.25	60635	-5.50981210112	-5.26706480129	-0.242747299832
KR	4.25,6.25	63967	-5.45631705985	-4.96075277827	-0.495564281581
KS	4.25,6.25	90792	-5.10611320923	-4.84315072612	-0.262962483102
KT	4.25,6.25	92571	-5.08670846757	-4.94235170757	-0.144356760001
KV	4.25,6.25	128477	-4.75893448524	-4.76900466111	0.0100701758746
KW	4.25,6.25	28449	-6.26657137466	-6.39136923545	0.124797860791
KY	4.25,6.25	85387	-5.16749052084	-5.40764952294	0.240159002094
LL	4.25,6.25	157247	-4.55686656773	-4.88707689421	0.330210326483
LM	4.25,6.25	68530	-5.38741277963	-5.62453826149	0.237125481865
LN	4.25,6.25	122398	-4.80740635515	-4.86422011416	0.0568137590067
LP	4.25,6.25	130799	-4.74102259149	-4.87236288399	0.131340292499
LQ	4.25,6.25	129281	-4.75269605533	-4.94940586406	0.196709808724
LR	4.25,6.25	159374	-4.54343074384	-4.64309384104	0.0996630971959
LS	4.25,6.25	185998	-4.38894846426	-4.5254917889	0.13654332464
LT	4.25,6.25	167287	-4.49497348497	-4.62469277034	0.129719285368
LV	4.25,6.25	209768	-4.26868222711	-4.45134572389	0.182663496773
LW	4.25,6.25	38467	-5.96488365435	-6.07371029822	0.108826643875
LY	4.25,6.25	112400	-4.89262044777	-5.08999058571	0.197370137945
MM	4.25,6.25	10284	-7.28409509582	-7.74830552154	0.46421042572
MN	4.25,6.25	31127	-6.17660877548	-6.29483088764	0.118222112164
MP	4.25,6.25	29466	-6.23144732894	-6.30297365747	0.0715263285344
MQ	4.25,6.25	28491	-6.2650961373	-6.38001663754	0.114920500246
MR	4.25,6.25	35022	-6.05870794978	-6.07370461452	0.0149966647464
MS	4.25,6.25	41311	-5.8935555769	-5.95610256238	0.0625469854858
MT	4.25,6.25	38484	-5.96444181473	-6.05530354383	0.0908617290991
MV	4.25,6.25	49339	-5.71596954186	-5.88195649737	0.165986955508
MW	4.25,6.25	10294	-7.283123184	-7.5043210717	0.22119788771
MY	4.25,6.25	28747	-6.25615097125	-6.52060135919	0.264450387942
NN	4.25,6.25	35170	-6.05449093874	-6.22766427158	0.173173332836
NP	4.25,6.25	51908	-5.66521146435	-5.54265551014	-0.122555954212
NQ	4.25,6.25	50433	-5.69403866251	-5.61969849021	-0.0743401723006
NR	4.25,6.25	58213	-5.55057568773	-5.31338646719	-0.237189220548
NS	4.25,6.25	81578	-5.21312476745	-5.19578441505	-0.0173403524038
NT	4.25,6.25	78010	-5.25784736163	-5.29498539649	0.037138034864
NV	4.25,6.25	93216	-5.07976500445	-5.12163835003	0.0418733455845
NW	4.25,6.25	20149	-6.61152972586	-6.74400292437	0.132473198512
NY	4.25,6.25	59932	-5.52147379904	-5.76028321186	0.238809412814
PP	4.25,6.25	28269	-6.27291858733	-6.24394984681	-0.0289687405181
PQ	4.25,6.25	43175	-5.84942276119	-5.62784126004	-0.221581501153
PR	4.25,6.25	56725	-5.57646935456	-5.32152923702	-0.25494011754
PS	4.25,6.25	74089	-5.30941731199	-5.20392718488	-0.105490127107
PT	4.25,6.25	71545	-5.34435776287	-5.30312816632	-0.0412295965436
PV	4.25,6.25	97362	-5.03624839444	-5.12978111987	0.0935327254269
PW	4.25,6.25	23660	-6.45089852668	-6.7521456942	0.301247167527
PY	4.25,6.25	59615	-5.52677716497	-5.76842598169	0.241648816725
QQ	4.25,6.25	24657	-6.40962354939	-6.39803615824	-0.0115873911498
QR	4.25,6.25	60720	-5.50841125214	-5.39857221709	-0.109839035051
QS	4.25,6.25	66735	-5.4139548323	-5.28097016495	-0.132984667352
QT	4.25,6.25	66859	-5.41209846097	-5.38017114639	-0.0319273145805
QV	4.25,6.25	84751	-5.17496683962	-5.20682409993	0.0318572603099
QW	4.25,6.25	21063	-6.56716643852	-6.82918867427	0.262022235747
QY	4.25,6.25	50213	-5.69841042791	-5.84546896176	0.14705853385
RR	4.25,6.25	37927	-5.97902112572	-5.78541086222	-0.193610263496
RS	4.25,6.25	82820	-5.19801480711	-4.97465814193	-0.223356665181
RT	4.25,6.25	84573	-5.17706931849	-5.07385912337	-0.103210195118
RV	4.25,6.25	111724	-4.89865284099	-4.90051207691	0.00185923592009
RW	4.25,6.25	28897	-6.25094660172	-6.52287665125	0.271930049526
RY	4.25,6.25	68580	-5.38668343819	-5.53915693874	0.152473500549
SS	4.25,6.25	67177	-5.40735345819	-5.55020637099	0.142852912806
ST	4.25,6.25	107211	-4.93988552991	-4.95625707123	0.0163715413176
SV	4.25,6.25	138288	-4.68534591822	-4.78291002477	0.0975641065588
SW	4.25,6.25	25906	-6.36020978312	-6.40527459911	0.0450648159919
SY	4.25,6.25	74396	-5.30528220827	-5.4215548866	0.116272678327
TT	4.25,6.25	58268	-5.54963132764	-5.74860865724	0.198977329602
TV	4.25,6.25	139566	-4.67614677757	-4.88211100622	0.205964228648
TW	4.25,6.25	24352	-6.42207040355	-6.50447558055	0.0824051770068
TY	4.25,6.25	71645	-5.34296101706	-5.52075586804	0.177794850986
VV	4.25,6.25	88052	-5.13675683617	-5.40191401938	0.265157183208
VW	4.25,6.25	28444	-6.2667471432	-6.3311285341	0.0643813908925
VY	4.25,6.25	84508	-5.17783818079	-5.34740882159	0.169570640799
WW	4.25,6.25	4338	-8.14727097282	-8.64665487167	0.499383898851
WY	4.25,6.25	20418	-6.59826752048	-6.96977339592	0.371505875443
YY	4.25,6.25	28539	-6.26341281233	-6.67920631667	0.415793504335
AA	5.25,7.25	90546	-4.75812407281	-5.10682469909	0.348700626278
AC	5.25,7.25	38910	-5.60273079468	-5.96723101469	0.364500220007
AD	5.25,7.25	67127	-5.05739573413	-4.77146642911	-0.285929305027
AE	5.25,7.25	76281	-4.92955819143	-4.60543793155	-0.324120259888
AF	5.25,7.25	85898	-4.81082153584	-4.96427330027	0.153451764428
AG	5.25,7.25	88321	-4.78300417675	-4.71065636468	-0.0723478120715
AH	5.25,7.25	36134	-5.67674783132	-5.56217972823	-0.114568103097
AI	5.25,7.25	145668	-4.28265202197	-4.59906751716	0.316415495189
AK	5.25,7.25	60837	-5.15578392517	-4.76598323528	-0.389800689881
AL	5.25,7.25	242130	-3.77450730967	-4.12970284603	0.355195536356
AM	5.25,7.25	49855	-5.3548632894	-5.63852784039	0.283664550992
AN	5.25,7.25	51758	-5.31740307211	-5.08448614919	-0.232916922916
AP	5.25,7.25	46598	-5.42242445992	-5.12048050334	-0.301943956579
AQ	5.25,7.25	46941	-5.41509058769	-5.16074013432	-0.25435045337
AR	5.25,7.25	59596	-5.17639362395	-4.84940778629	-0.326985837658
AS	5.25,7.25	94901	-4.71114783871	-4.70565457331	-0.00549326539681
AT	5.25,7.25	85101	-4.82014329529	-4.74689542313	-0.0732478721538
AV	5.25,7.25	170342	-4.12617390081	-4.39361883482	0.267444934007
AW	5.25,7.25	29594	-5.8764104436	-6.02480482098	0.148394377386
AY	5.25,7.25	72354	-4.98241134333	-5.08024425613	0.0978329128004
CC	5.25,7.25	21245	-6.20786050811	-8.21394786049	2.00608735238
CD	5.25,7.25	20457	-6.24565695947	-6.32502274794	0.0793657884705
CE	5.25,7.25	20131	-6.26172116616	-6.15899425038	-0.102726915779
CF	5.25,7.25	22017	-6.17216719945	-6.51782961911	0.345662419662
CG	5.25,7.25	29410	-5.88264732911	-6.26421268351	0.3815653544
CH	5.25,7.25	14604	-6.58268661788	-7.11573604706	0.533049429179
CI	5.25,7.25	32281	-5.78950325982	-6.152623836	0.363120576176
CK	5.25,7.25	18610	-6.34028301102	-6.31953955412	-0.0207434569032
CL	5.25,7.25	51370	-5.3249277372	-5.68325916486	0.358331427665
CM	5.25,7.25	12815	-6.71336572186	-7.19208415922	0.478718437362
CN	5.25,7.25	18608	-6.3403904859	-6.63804246803	0.297651982125
CP	5.25,7.25	18376	-6.35293661629	-6.67403682218	0.321100205886
CQ	5.25,7.25	14515	-6.5887994842	-6.71429645315	0.125496968953
CR	5.25,7.25	18081	-6.36912041851	-6.40296410513	0.0338436866201
CS	5.25,7.25	32963	-5.76859636136	-6.25921089215	0.490614530786
CT	5.25,7.25	24943	-6.04738885997	-6.30045174197	0.253062882
CV	5.25,7.25	37861	-5.63006052314	-5.94717515365	0.317114630508
CW	5.25,7.25	8090	-7.17335335061	-7.57836113982	0.405007789211
CY	5.25,7.25	22433	-6.15344899265	-6.63380057496	0.480351582317
DD	5.25,7.25	14090	-6.61851675577	-5.82240937982	-0.796107375941
DE	5.25,7.25	24141	-6.08007044184	-4.9632296648	-1.11684077704
DF	5.25,7.25	52605	-5.30117090942	-5.32206503353	0.0208941241102
DG	5.25,7.25	41437	-5.53980788017	-5.06844809793	-0.471359782238
DH	5.25,7.25	20689	-6.23437992362	-5.91997146148	-0.314408462134
DI	5.25,7.25	80697	-4.87328068181	-4.95685925042	0.0835785686023
DK	5.25,7.25	26453	-5.98861250825	-5.12377496854	-0.864837539716
DL	5.25,7.25	118326	-4.49053855462	-4.48749457928	-0.00304397533895
DM	5.25,7.25	24597	-6.06135759739	-5.99631957364	-0.0650380237532
DN	5.25,7.25	25089	-6.04155257861	-5.44227788244	-0.599274696164
DP	5.25,7.25	21855	-6.17955235336	-5.4782722366	-0.701280116766
DQ	5.25,7.25	18325	-6.3557158339	-5.51853186757	-0.837183966332
DR	5.25,7.25	35406	-5.69710078437	-5.20719951955	-0.489901264827
DS	5.25,7.25	40499	-5.56270479923	-5.06344630657	-0.499258492662
DT	5.25,7.25	40322	-5.56708485597	-5.10468715638	-0.462397699584
DV	5.25,7.25	88419	-4.781895203	-4.75141056807	-0.0304846349308
DW	5.25,7.25	17730	-6.38872396159	-6.38259655424	-0.0061274073544
DY	5.25,7.25	46770	-5.41874010994	-5.43803598938	0.0192958794423
EE	5.25,7.25	13229	-6.6815706922	-5.49035176715	-1.19121892505
EF	5.25,7.25	58729	-5.19104843936	-5.15603653597	-0.0350119033935
EG	5.25,7.25	34355	-5.72723451319	-4.90241960037	-0.824814912823
EH	5.25,7.25	20750	-6.231435835	-5.75394296392	-0.477492871079
EI	5.25,7.25	91258	-4.75029142182	-4.79083075286	0.0405393310313
EK	5.25,7.25	29490	-5.87993085885	-4.95774647098	-0.922184387871
EL	5.25,7.25	141138	-4.31424394653	-4.32146608172	0.00722213519015
EM	5.25,7.25	27887	-5.93582145126	-5.83029107608	-0.105530375177
EN	5.25,7.25	22025	-6.17180390985	-5.27624938488	-0.895554524969
EP	5.25,7.25	18834	-6.32831833459	-5.31224373904	-1.01607459555
EQ	5.25,7.25	18085	-6.36889921627	-5.35250337001	-1.01639584626
ER	5.25,7.25	38825	-5.60491771264	-5.04117102199	-0.563746690655
ES	5.25,7.25	38159	-5.62222044089	-4.89741780901	-0.724802631885
ET	5.25,7.25	39792	-5.58031619462	-4.93865865882	-0.641657535791
EV	5.25,7.25	101915	-4.63984294914	-4.58538207051	-0.0544608786306
EW	5.25,7.25	20128	-6.26187020116	-6.21656805668	-0.0453021444823
EY	5.25,7.25	49432	-5.36338409392	-5.27200749182	-0.0913766020967
FF	5.25,7.25	36736	-5.66022488098	-6.2080239806	0.547799099624
FG	5.25,7.25	50928	-5.33356921114	-5.2612549691	-0.0723142420397
FH	5.25,7.25	30759	-5.83779944732	-6.11277833265	0.274978885327
FI	5.25,7.25	97127	-4.68796268118	-5.14966612158	0.461703440402
FK	5.25,7.25	53583	-5.28275022809	-5.31658183971	0.0338316116192
FL	5.25,7.25	154287	-4.22516757732	-4.68030145045	0.455133873134
FM	5.25,7.25	33956	-5.7389165128	-6.18912644481	0.450209932007
FN	5.25,7.25	41624	-5.53530515769	-5.63508475361	0.0997795959231
FP	5.25,7.25	40519	-5.56221108177	-5.67107910776	0.108868025991
FQ	5.25,7.25	38197	-5.62122510318	-5.71133873874	0.0901136355595
FR	5.25,7.25	50036	-5.35123933532	-5.40000639071	0.0487670553897
FS	5.25,7.25	60876	-5.1551430733	-5.25625317773	0.101110104428
FT	5.25,7.25	64917	-5.09087255082	-5.29749402755	0.206621476733
FV	5.25,7.25	109905	-4.5643657254	-4.94421743924	0.37985171384
FW	5.25,7.25	24986	-6.04566641367	-6.5754034254	0.529737011736
FY	5.25,7.25	63500	-5.11294217578	-5.63084286055	0.51790068477
GG	5.25,7.25	30054	-5.86098631807	-5.7007890128	-0.160197305277
GH	5.25,7.25	21156	-6.21205852847	-5.85916139705	-0.352897131421
GI	5.25,7.25	80001	-4.88194294708	-4.89604918599	0.0141062389049
GK	5.25,7.25	29914	-5.86565548344	-5.06296490411	-0.802690579331
GL	5.25,7.25	123487	-4.44784619431	-4.42668451485	-0.0211616794548
GM	5.25,7.25	26685	-5.97988047189	-5.93550950921	-0.0443709626789
GN	5.25,7.25	33556	-5.75076639669	-5.38146781802	-0.369298578677
GP	5.25,7.25	30151	-5.85776399156	-5.41746217217	-0.440301819392
GQ	5.25,7.25	24191	-6.07800141851	-5.45772180314	-0.62027961537
GR	5.25,7.25	31926	-5.80056135683	-5.14638945512	-0.654171901717
GS	5.25,7.25	58337	-5.19774554125	-5.00263624214	-0.195109299118
GT	5.25,7.25	49974	-5.3524792115	-5.04387709196	-0.30860211954
GV	5.25,7.25	92844	-4.73306141632	-4.69060050364	-0.0424609126806
GW	5.25,7.25	18145	-6.36558704101	-6.32178648981	-0.0438005512049
GY	5.25,7.25	46700	-5.420237917	-5.37722592495	-0.0430119920501
HH	5.25,7.25	9667	-6.99526405819	-7.40384084243	0.40857678424
HI	5.25,7.25	41395	-5.54082198109	-5.74757254954	0.206750568451
HK	5.25,7.25	14325	-6.60197581908	-5.91448826766	-0.687487551416
HL	5.25,7.25	64342	-5.09976947549	-5.2782078784	0.178438402916
HM	5.25,7.25	14853	-6.56578021663	-6.78703287276	0.221252656133
HN	5.25,7.25	14592	-6.58350864834	-6.23299118157	-0.350517466778
HP	5.25,7.25	14969	-6.55800068574	-6.26898553572	-0.289015150027
HQ	5.25,7.25	12486	-6.73937406504	-6.30924516669	-0.430128898344
HR	5.25,7.25	17932	-6.37739525538	-5.99791281867	-0.379482436715
HS	5.25,7.25	24572	-6.06237449837	-5.85415960569	-0.208214892688
HT	5.25,7.25	24560	-6.0628629784	-5.89540045551	-0.167462522891
HV	5.25,7.25	46507	-5.42437924278	-5.54212386719	0.117744624413
HW	5.25,7.25	11303	-6.83891390447	-7.17330985336	0.33439594889
HY	5.25,7.25	26746	-5.97759715223	-6.2287492885	0.251152136277
II	5.25,7.25	83179	-4.84298716955	-5.47761091666	0.634623747109
IK	5.25,7.25	83698	-4.83676699933	-4.95137605659	0.114609057265
IL	5.25,7.25	240578	-3.78093772039	-4.31509566734	0.534157946949
IM	5.25,7.25	49517	-5.36166603672	-5.8239206617	0.462254624978
IN	5.25,7.25	63308	-5.11597037821	-5.2698789705	0.153908592295
IP	5.25,7.25	54837	-5.25961693307	-5.30587332465	0.046256391577
IQ	5.25,7.25	54995	-5.25673980967	-5.34613295563	0.0893931459601
IR	5.25,7.25	69888	-5.01708812099	-5.0348006076	0.0177124866082
IS	5.25,7.25	95084	-4.70922137023	-4.89104739462	0.181826024387
IT	5.25,7.25	99247	-4.66637038927	-4.93228824444	0.265917855174
IV	5.25,7.25	177124	-4.08713202941	-4.57901165613	0.491879626714
IW	5.25,7.25	31086	-5.82722452462	-6.21019764229	0.382973117676
IY	5.25,7.25	88085	-4.7856798243	-5.26563707744	0.479957253139
KK	5.25,7.25	8684	-7.10249982966	-5.81144297011	-1.29105685955
KL	5.25,7.25	123822	-4.44513703124	-4.48201138546	0.0368743542239
KM	5.25,7.25	24093	-6.0820607398	-5.99083637982	-0.0912243599822
KN	5.25,7.25	19611	-6.28789144838	-5.43679468862	-0.851096759754
KP	5.25,7.25	15870	-6.49955154714	-5.47278904277	-1.02676250436
KQ	5.25,7.25	15822	-6.50258070508	-5.51304867375	-0.989532031327
KR	5.25,7.25	17882	-6.38018746136	-5.20171632573	-1.17847113564
KS	5.25,7.25	33785	-5.74396516467	-5.05796311274	-0.686002051929
KT	5.25,7.25	34031	-5.73671020776	-5.09920396256	-0.637506245196
KV	5.25,7.25	87009	-4.7979705201	-4.74592737425	-0.0520431458477
KW	5.25,7.25	17334	-6.41131219096	-6.37711336041	-0.0341988305496
KY	5.25,7.25	46200	-5.43100228359	-5.43255279556	0.00155051197095
LL	5.25,7.25	208247	-3.9252572065	-4.53888030164	0.613623095145
LM	5.25,7.25	77990	-4.90740146833	-5.35455599056	0.447154522229
LN	5.25,7.25	88384	-4.78229112389	-4.80051429937	0.018223175477
LP	5.25,7.25	88899	-4.77648118781	-4.83650865352	0.0600274657035
LQ	5.25,7.25	92044	-4.74171535809	-4.87676828449	0.135052926406
LR	5.25,7.25	117392	-4.4984633197	-4.56543593647	0.0669726167639
LS	5.25,7.25	148100	-4.2660943604	-4.42168272349	0.155588363084
LT	5.25,7.25	147859	-4.26772296472	-4.46292357331	0.195200608582
LV	5.25,7.25	273239	-3.65363521161	-4.10964698499	0.456011773386
LW	5.25,7.25	50869	-5.33472838099	-5.74083297116	0.406104590171
LY	5.25,7.25	131023	-4.38860920137	-4.7962724063	0.407663204936
MM	5.25,7.25	10043	-6.95710620727	-7.55653777297	0.599431565703
MN	5.25,7.25	19993	-6.26859986939	-6.30933929373	0.0407394243394
MP	5.25,7.25	18523	-6.34496887854	-6.34533364788	0.000364769340981
MQ	5.25,7.25	17638	-6.39392641621	-6.38559327885	-0.00833313735699
MR	5.25,7.25	22998	-6.12857482605	-6.07426093083	-0.0543138952217
MS	5.25,7.25	29757	-5.87091768324	-5.93050771785	0.0595900346022
MT	5.25,7.25	30047	-5.86121925929	-5.97174856767	0.110529308377
MV	5.25,7.25	55433	-5.24880699739	-5.61847197935	0.369664981959
MW	5.25,7.25	11580	-6.81470260953	-7.24965796552	0.434955355986
MY	5.25,7.25	28421	-5.91685377314	-6.30509740066	0.388243627524
NN	5.25,7.25	12394	-6.74676959714	-6.44845030376	-0.298319293379
NP	5.25,7.25	19518	-6.29264496496	-5.79129195668	-0.501353008277
NQ	5.25,7.25	17298	-6.41339119379	-5.83155158766	-0.581839606135
NR	5.25,7.25	20035	-6.26650133759	-5.52021923963	-0.746282097957
NS	5.25,7.25	36131	-5.67683085907	-5.37646602665	-0.30036483242
NT	5.25,7.25	33376	-5.75614500286	-5.41770687647	-0.338438126388
NV	5.25,7.25	65336	-5.08443889562	-5.06443028816	-0.0200086074654
NW	5.25,7.25	14142	-6.61483298849	-6.69561627432	0.0807832858267
NY	5.25,7.25	36110	-5.67741224639	-5.75105570947	0.073643463079
PP	5.25,7.25	10798	-6.88462114988	-6.52043921439	-0.364181935488
PQ	5.25,7.25	15005	-6.55559860278	-5.86754594181	-0.688052660976
PR	5.25,7.25	20201	-6.25824997354	-5.55621359378	-0.702036379762
PS	5.25,7.25	31070	-5.82773935827	-5.4124603808	-0.415278977471
PT	5.25,7.25	30825	-5.83565603263	-5.45370123062	-0.381954802006
PV	5.25,7.25	65171	-5.08696749697	-5.10042464231	0.0134571453395
PW	5.25,7.25	17097	-6.42507907216	-6.73161062847	0.306531556316
PY	5.25,7.25	37864	-5.62998128907	-5.78705006362	0.157068774544
QQ	5.25,7.25	7462	-7.25415860688	-6.60095871145	-0.653199895425
QR	5.25,7.25	18806	-6.32980611382	-5.59647322476	-0.733332889062
QS	5.25,7.25	27425	-5.95252707552	-5.45272001178	-0.499807063738
QT	5.25,7.25	27839	-5.9375441664	-5.4939608616	-0.443583304799
QV	5.25,7.25	59638	-5.17568912688	-5.14068427328	-0.0350048536004
QW	5.25,7.25	14942	-6.55980604212	-6.77187025945	0.212064217326
QY	5.25,7.25	32023	-5.79752768705	-5.82730969459	0.0297820075396
RR	5.25,7.25	12447	-6.74250245166	-5.97829242143	-0.764210030229
RS	5.25,7.25	35686	-5.68922362667	-5.14138766375	-0.547835962915
RT	5.25,7.25	36827	-5.65775080987	-5.18262851357	-0.475122296301
RV	5.25,7.25	80432	-4.87656997473	-4.82935192526	-0.047218049469
RW	5.25,7.25	20184	-6.25909187034	-6.46053791142	0.201446041085
RY	5.25,7.25	44601	-5.46622580138	-5.51597734657	0.049751545191
SS	5.25,7.25	32267	-5.78993704554	-5.69078541111	-0.099151634424
ST	5.25,7.25	52505	-5.30307367852	-5.03887530059	-0.264198377928
SV	5.25,7.25	106013	-4.60042035357	-4.68559871228	0.0851783587007
SW	5.25,7.25	21227	-6.20870812541	-6.31678469844	0.108076573027
SY	5.25,7.25	50770	-5.33667645272	-5.37222413359	0.0355476808694
TT	5.25,7.25	27511	-5.94939615698	-5.77326726989	-0.17612888709
TV	5.25,7.25	116425	-4.50673479281	-4.7268395621	0.220104769287
TW	5.25,7.25	21159	-6.21191673478	-6.35802554826	0.146108813479
TY	5.25,7.25	53535	-5.28364643607	-5.41346498341	0.12981854734
VV	5.25,7.25	111975	-4.54570644958	-5.06671292097	0.521006471388
VW	5.25,7.25	36731	-5.66036099651	-6.00474895995	0.344387963432
VY	5.25,7.25	94211	-4.71844513409	-5.06018839509	0.341743261004
WW	5.25,7.25	5190	-7.6172483845	-8.32909626405	0.711847879547
WY	5.25,7.25	22853	-6.13489968193	-6.69137438126	0.556474699332
YY	5.25,7.25	28273	-5.92207479604	-6.43996649426	0.517891698222
AA	6.25,8.25	60720	-4.73340550569	-5.04174903736	0.308343531667
AC	6.25,8.25	30463	-5.42316580634	-5.69419385636	0.271028050026
AD	6.25,8.25	26470	-5.56366662254	-5.04503216815	-0.518634454394
AE	6.25,8.25	28964	-5.47362495925	-4.92743051129	-0.546194447963
AF	6.25,8.25	75149	-4.52020582939	-4.65583457659	0.135628747201
AG	6.25,8.25	51101	-4.90587457229	-4.85814033806	-0.0477342342269
AH	6.25,8.25	19808	-5.85359274228	-5.54855005175	-0.305042690524
AI	6.25,8.25	123190	-4.0259507598	-4.29692244497	0.270971685168
AK	6.25,8.25	22179	-5.74053274354	-5.06136745787	-0.679165285662
AL	6.25,8.25	196610	-3.55845656766	-3.85802679182	0.29957022416
AM	6.25,8.25	37182	-5.22385386557	-5.45067732127	0.226823455695
AN	6.25,8.25	22927	-5.70736338344	-5.28640373497	-0.420959648466
AP	6.25,8.25	22978	-5.70514140235	-5.33162665812	-0.373514744225
AQ	6.25,8.25	19402	-5.87430248524	-5.38022182228	-0.494080662957
AR	6.25,8.25	24237	-5.65179824761	-5.02320460144	-0.628593646174
AS	6.25,8.25	49679	-4.93409633018	-4.82916740342	-0.10492892676
AT	6.25,8.25	47097	-4.98746933405	-4.79160141966	-0.195867914393
AV	6.25,8.25	136414	-3.92398425934	-4.13994170784	0.215957448501
AW	6.25,8.25	23511	-5.68221024204	-5.7295433587	0.0473331166635
AY	6.25,8.25	51709	-4.89404679118	-4.86175091838	-0.0322958727968
CC	6.25,8.25	14472	-6.16746289069	-7.73295233806	1.56548944738
CD	6.25,8.25	9320	-6.60751601008	-6.39062815523	-0.21688785485
CE	6.25,8.25	9430	-6.59578254213	-6.27302649837	-0.32275604376
CF	6.25,8.25	23009	-5.70379319504	-6.00143056367	0.297637368632
CG	6.25,8.25	18208	-5.93781758083	-6.20373632515	0.265918744312
CH	6.25,8.25	9478	-6.59070531523	-6.89414603884	0.303440723604
CI	6.25,8.25	32336	-5.36349747812	-5.64251843206	0.27902095394
CK	6.25,8.25	7815	-6.78363367491	-6.40696344496	-0.376670229947
CL	6.25,8.25	50255	-4.9225685943	-5.2036227789	0.281054184602
CM	6.25,8.25	11623	-6.38669274512	-6.79627330835	0.409580563234
CN	6.25,8.25	9542	-6.58397553168	-6.63199972206	0.0480241903721
CP	6.25,8.25	8976	-6.64512429	-6.67722264521	0.0320983552086
CQ	6.25,8.25	7203	-6.86518103287	-6.72581780937	-0.139363223504
CR	6.25,8.25	8749	-6.67073923065	-6.36880058852	-0.301938642131
CS	6.25,8.25	19466	-5.87100928477	-6.17476339051	0.303754105731
CT	6.25,8.25	14877	-6.1398622426	-6.13719740674	-0.00266483585955
CV	6.25,8.25	34544	-5.29744476501	-5.48553769493	0.18809292992
CW	6.25,8.25	8231	-6.73177112479	-7.07513934579	0.343368221
CY	6.25,8.25	17741	-5.9638002937	-6.20734690547	0.243546611765
DD	6.25,8.25	5644	-7.10908560479	-6.43462164888	-0.674463955904
DE	6.25,8.25	7291	-6.85303792795	-5.62386481016	-1.2291731178
DF	6.25,8.25	28418	-5.49265589156	-5.35226887546	-0.140387016108
DG	6.25,8.25	16462	-6.03862394423	-5.55457463693	-0.4840493073
DH	6.25,8.25	9295	-6.61020201761	-6.24498435062	-0.365217666987
DI	6.25,8.25	43274	-5.07212664601	-4.99335674384	-0.0787699021746
DK	6.25,8.25	6583	-6.95518807029	-5.75780175674	-1.19738631355
DL	6.25,8.25	57128	-4.79438427453	-4.55446109069	-0.239923183846
DM	6.25,8.25	12909	-6.28175389625	-6.14711162013	-0.134642276122
DN	6.25,8.25	9470	-6.59154973158	-5.98283803384	-0.608711697742
DP	6.25,8.25	7262	-6.85702336579	-6.02806095699	-0.828962408798
DQ	6.25,8.25	6334	-6.99374669066	-6.07665612115	-0.917090569513
DR	6.25,8.25	11128	-6.43021418416	-5.71963890031	-0.710575283852
DS	6.25,8.25	15807	-6.07922575888	-5.52560170229	-0.553624056596
DT	6.25,8.25	16523	-6.03492528911	-5.48803571853	-0.546889570584
DV	6.25,8.25	44329	-5.04803954836	-4.83637600671	-0.211663541656
DW	6.25,8.25	8675	-6.67923331295	-6.42597765757	-0.253255655376
DY	6.25,8.25	21513	-5.77102123521	-5.55818521725	-0.212836017964
EE	6.25,8.25	4250	-7.39275965584	-6.19941744742	-1.19334220842
EF	6.25,8.25	32249	-5.36619160377	-5.2346672186	-0.131524385171
EG	6.25,8.25	12754	-6.29383369089	-5.43697298007	-0.856860710814
EH	6.25,8.25	9756	-6.56179615843	-6.12738269376	-0.434413464663
EI	6.25,8.25	46040	-5.01016805493	-4.87575508698	-0.134412967943
EK	6.25,8.25	6477	-6.97142119858	-5.64020009988	-1.33122109869
EL	6.25,8.25	67814	-4.62290997547	-4.43685943383	-0.186050541644
EM	6.25,8.25	13764	-6.21762215084	-6.02950996328	-0.188112187568
EN	6.25,8.25	6890	-6.90960755375	-5.86523637698	-1.04437117677
EP	6.25,8.25	6299	-6.99928774814	-5.91045930013	-1.08882844801
EQ	6.25,8.25	5921	-7.06117328523	-5.95905446429	-1.10211882094
ER	6.25,8.25	11440	-6.40256265283	-5.60203724345	-0.800525409379
ES	6.25,8.25	13400	-6.24442393182	-5.40800004543	-0.836423886392
ET	6.25,8.25	14905	-6.13798191165	-5.37043406167	-0.76754784998
EV	6.25,8.25	48844	-4.95104709281	-4.71877434985	-0.232272742958
EW	6.25,8.25	9232	-6.61700292901	-6.30837600071	-0.3086269283
EY	6.25,8.25	20891	-5.80036019456	-5.44058356039	-0.359776634172
FF	6.25,8.25	42311	-5.09463153925	-5.65622388614	0.561592346892
FG	6.25,8.25	36531	-5.24151742359	-5.16537704537	-0.0761403782145
FH	6.25,8.25	20866	-5.80155759873	-5.85578675906	0.0542291603285
FI	6.25,8.25	107985	-4.15768631019	-4.60415915228	0.446472842092
FK	6.25,8.25	27586	-5.52237024113	-5.36860416518	-0.153766075942
FL	6.25,8.25	170960	-3.69824902777	-4.16526349913	0.467014471361
FM	6.25,8.25	34905	-5.28704855336	-5.75791402858	0.470865475219
FN	6.25,8.25	24882	-5.62553398829	-5.59364044228	-0.0318935460052
FP	6.25,8.25	24406	-5.64484963507	-5.63886336543	-0.00598626963773
FQ	6.25,8.25	21601	-5.76693902886	-5.68745852959	-0.0794804992718
FR	6.25,8.25	29035	-5.47117663995	-5.33044130875	-0.140735331207
FS	6.25,8.25	40918	-5.12810857475	-5.13640411073	0.00829553598481
FT	6.25,8.25	47464	-4.97970710982	-5.09883812697	0.119131017146
FV	6.25,8.25	116838	-4.07889027883	-4.44717841515	0.368288136319
FW	6.25,8.25	26022	-5.5807363047	-6.03678006601	0.456043761315
FY	6.25,8.25	59000	-4.76214119487	-5.16898762569	0.406846430816
GG	6.25,8.25	15625	-6.09080644316	-6.06083662476	-0.0299698184001
GH	6.25,8.25	11812	-6.3705626749	-6.05809252053	-0.312470154362
GI	6.25,8.25	54419	-4.84296528119	-4.80646491376	-0.0365003674347
GK	6.25,8.25	10081	-6.52902617471	-5.57090992666	-0.958116248051
GL	6.25,8.25	77654	-4.48741557731	-4.3675692606	-0.119846316709
GM	6.25,8.25	17188	-5.99546717287	-5.96021979005	-0.0352473828177
GN	6.25,8.25	14170	-6.18855158508	-5.79594620375	-0.392605381322
GP	6.25,8.25	13427	-6.24241103369	-5.8411691269	-0.401241906784
GQ	6.25,8.25	10217	-6.51562563917	-5.88976429107	-0.625861348104
GR	6.25,8.25	12629	-6.30368288211	-5.53274707022	-0.770935811893
GS	6.25,8.25	28468	-5.49089798934	-5.3387098722	-0.152188117139
GT	6.25,8.25	24046	-5.65970997623	-5.30114388844	-0.358566087784
GV	6.25,8.25	59922	-4.74663492229	-4.64948417662	-0.0971507456662
GW	6.25,8.25	12094	-6.34696917693	-6.23908582749	-0.107883349442
GY	6.25,8.25	26998	-5.54391584959	-5.37129338716	-0.17262246243
HH	6.25,8.25	6106	-7.03040674447	-7.44166265324	0.411255908776
HI	6.25,8.25	28300	-5.49681683413	-5.49687462745	5.77933156487e-05
HK	6.25,8.25	4868	-7.25699546365	-6.26131964035	-0.995675823307
HL	6.25,8.25	43300	-5.07152600377	-5.05797897429	-0.0135470294785
HM	6.25,8.25	9730	-6.56446474258	-6.65062950374	0.0861647611576
HN	6.25,8.25	7061	-6.88509195424	-6.48635591744	-0.3987360368
HP	6.25,8.25	6702	-6.93727264946	-6.53157884059	-0.405693808869
HQ	6.25,8.25	5865	-7.07067615667	-6.58017400476	-0.490502151918
HR	6.25,8.25	7858	-6.77814651764	-6.22315678391	-0.554989733731
HS	6.25,8.25	13102	-6.26691374847	-6.02911958589	-0.237794162576
HT	6.25,8.25	12972	-6.27688545033	-5.99155360213	-0.285331848202
HV	6.25,8.25	29650	-5.45021651334	-5.33989389031	-0.110322623021
HW	6.25,8.25	7395	-6.83887454262	-6.92949554118	0.0906209985601
HY	6.25,8.25	16356	-6.04508383628	-6.06170310085	0.0166192645763
II	6.25,8.25	93256	-4.30433023916	-4.93839798792	0.63406774876
IK	6.25,8.25	41963	-5.10289036114	-5.00969203357	-0.0931983275762
IL	6.25,8.25	263282	-3.2664529377	-3.80635136751	0.539898429815
IM	6.25,8.25	47270	-4.98380279397	-5.39900189696	0.415199102985
IN	6.25,8.25	34156	-5.30874037273	-5.23472831067	-0.0740120620684
IP	6.25,8.25	32262	-5.36578857172	-5.27995123382	-0.085837337908
IQ	6.25,8.25	30243	-5.43041388604	-5.32854639798	-0.101867488063
IR	6.25,8.25	37534	-5.21443144991	-4.97152917713	-0.242902272778
IS	6.25,8.25	60385	-4.73893790905	-4.77749197911	0.0385540700623
IT	6.25,8.25	69255	-4.60188329415	-4.73992599535	0.138042701201
IV	6.25,8.25	184596	-3.62150898542	-4.08826628353	0.466757298117
IW	6.25,8.25	31579	-5.38718629606	-5.6778679344	0.290681638333
IY	6.25,8.25	76290	-4.50513677068	-4.81007549407	0.304938723396
KK	6.25,8.25	1498	-8.43554775368	-6.46729236012	-1.96825539357
KL	6.25,8.25	56354	-4.8080254159	-4.57079638041	-0.237229035483
KM	6.25,8.25	11283	-6.41638147062	-6.16344690986	-0.252934560762
KN	6.25,8.25	5127	-7.20515794598	-5.99917332357	-1.20598462241
KP	6.25,8.25	4565	-7.32126012473	-6.04439624672	-1.27686387802
KQ	6.25,8.25	4622	-7.30885112693	-6.09299141088	-1.21585971605
KR	6.25,8.25	4289	-7.38362503324	-5.73597419003	-1.64765084321
KS	6.25,8.25	10704	-6.46906113539	-5.54193699201	-0.927124143378
KT	6.25,8.25	11219	-6.42206986922	-5.50437100825	-0.917698860963
KV	6.25,8.25	41100	-5.12367051728	-4.85271129644	-0.270959220841
KW	6.25,8.25	7454	-6.83092783772	-6.4423129473	-0.388614890424
KY	6.25,8.25	17459	-5.97982336378	-5.57452050697	-0.405302856802
LL	6.25,8.25	221906	-3.43742477	-4.06060533638	0.623180566383
LM	6.25,8.25	75657	-4.51346867143	-4.96010624381	0.446637572375
LN	6.25,8.25	48806	-4.95182538266	-4.79583265751	-0.155992725146
LP	6.25,8.25	49741	-4.93284909606	-4.84105558066	-0.0917935154002
LQ	6.25,8.25	47251	-4.98420482104	-4.88965074482	-0.0945540762192
LR	6.25,8.25	59893	-4.74711900192	-4.53263352398	-0.214485477943
LS	6.25,8.25	90205	-4.33759378087	-4.33859632596	0.00100254508633
LT	6.25,8.25	98873	-4.24584244046	-4.3010303422	0.0551879017433
LV	6.25,8.25	277253	-3.21474819205	-3.64937063038	0.434622438333
LW	6.25,8.25	51664	-4.89491742476	-5.23897228124	0.34405485648
LY	6.25,8.25	114179	-4.10191124638	-4.37117984092	0.269268594537
MM	6.25,8.25	8588	-6.68931275876	-7.24591595797	0.556603199203
MN	6.25,8.25	10915	-6.44954064878	-6.38848318696	-0.0610574618186
MP	6.25,8.25	10483	-6.48992374131	-6.43370611011	-0.0562176311999
MQ	6.25,8.25	9424	-6.59641901187	-6.48230127427	-0.1141177376
MR	6.25,8.25	11468	-6.40011809076	-6.12528405343	-0.274834037333
MS	6.25,8.25	18090	-5.94431933937	-5.93124685541	-0.0130724839646
MT	6.25,8.25	19633	-5.86246681486	-5.89368087165	0.0312140567833
MV	6.25,8.25	50984	-4.90816678077	-5.24202115983	0.333854379061
MW	6.25,8.25	10448	-6.49326806624	-6.83162281069	0.338354744445
MY	6.25,8.25	22612	-5.72119789997	-5.96383037037	0.242632470401
NN	6.25,8.25	4176	-7.4103247882	-6.91736696686	-0.492957821341
NP	6.25,8.25	7300	-6.85180429062	-6.26943252381	-0.58237176681
NQ	6.25,8.25	6312	-6.99722605524	-6.31802768798	-0.67919836726
NR	6.25,8.25	7197	-6.86601436625	-5.96101046713	-0.905003899122
NS	6.25,8.25	14576	-6.16030229826	-5.76697326911	-0.393329029148
NT	6.25,8.25	13768	-6.21733157987	-5.72940728535	-0.487924294518
NV	6.25,8.25	34441	-5.30043092364	-5.07774757353	-0.222683350103
NW	6.25,8.25	7604	-6.81100421415	-6.6673492244	-0.143654989757
NY	6.25,8.25	17419	-5.98211707428	-5.79955678407	-0.182560290211
PP	6.25,8.25	4627	-7.30776992885	-7.00781328436	-0.299956644495
PQ	6.25,8.25	5443	-7.14534825933	-6.36325061113	-0.782097648201
PR	6.25,8.25	6743	-6.93117370903	-6.00623339028	-0.924940318745
PS	6.25,8.25	12806	-6.28976482768	-5.81219619226	-0.477568635419
PT	6.25,8.25	13216	-6.258250422	-5.7746302085	-0.483620213498
PV	6.25,8.25	35598	-5.26738918227	-5.12297049668	-0.144418685591
PW	6.25,8.25	8976	-6.64512429	-6.71257214755	0.0674478575476
PY	6.25,8.25	19528	-5.86782930569	-5.84477970722	-0.0230495984655
QQ	6.25,8.25	2986	-7.74574393966	-7.10500414334	-0.640739796319
QR	6.25,8.25	6301	-6.99897028782	-6.05482855444	-0.944141733377
QS	6.25,8.25	10762	-6.46365722771	-5.86079135642	-0.602865871287
QT	6.25,8.25	11144	-6.4287774023	-5.82322537266	-0.605552029639
QV	6.25,8.25	31459	-5.39099352805	-5.17156566084	-0.219427867205
QW	6.25,8.25	8279	-6.72595645062	-6.76116731171	0.0352108610848
QY	6.25,8.25	15625	-6.09080644316	-5.89337487138	-0.197431571773
RR	6.25,8.25	3942	-7.46799043005	-6.39096634271	-1.07702408734
RS	6.25,8.25	13798	-6.21515498465	-5.50377413558	-0.711380849075
RT	6.25,8.25	14189	-6.18721162225	-5.46620815182	-0.721003470435
RV	6.25,8.25	42450	-5.09135172602	-4.81454844	-0.276803286021
RW	6.25,8.25	9724	-6.56508158232	-6.40415009086	-0.160931491462
RY	6.25,8.25	21830	-5.75639346822	-5.53635765054	-0.220035817678
SS	6.25,8.25	13874	-6.20966205382	-6.00289056593	-0.206771487887
ST	6.25,8.25	24225	-5.652293481	-5.2721709538	-0.380122527202
SV	6.25,8.25	61395	-4.72235024017	-4.62051124198	-0.101838998184
SW	6.25,8.25	13015	-6.27357610033	-6.21011289284	-0.0634632074876
SY	6.25,8.25	29177	-5.46629791111	-5.34232045252	-0.123977458592
TT	6.25,8.25	12673	-6.30020489268	-5.92775836068	-0.372446531999
TV	6.25,8.25	73614	-4.54084341374	-4.58294525822	0.042101844479
TW	6.25,8.25	14139	-6.19074170217	-6.17254690908	-0.0181947930859
TY	6.25,8.25	30390	-5.42556503185	-5.30475446876	-0.12081056309
VV	6.25,8.25	110334	-4.13616650979	-4.62443596353	0.488269453736
VW	6.25,8.25	35410	-5.27268437266	-5.52088719727	0.24820282461
VY	6.25,8.25	78721	-4.47376868286	-4.65309475694	0.179326074078
WW	6.25,8.25	5067	-7.21692971229	-7.80365189377	0.586722181486
WY	6.25,8.25	19121	-5.88889143127	-6.2426964078	0.353804976536
YY	6.25,8.25	20221	-5.83295697043	-6.0680578094	0.235100838975
AA	7.25,inf	48891	-4.69907179037	-4.87602134902	0.176949558655
AC	7.25,inf	25297	-5.3579793092	-5.42105273447	0.0630734252709
AD	7.25,inf	13675	-5.97309577252	-5.38407413998	-0.589021632546
AE	7.25,inf	13242	-6.00527152433	-5.38449196312	-0.620779561204
AF	7.25,inf	69145	-4.35245937191	-4.32927545926	-0.0231839126509
AG	7.25,inf	42856	-4.83081946225	-4.83186571937	0.00104625711814
AH	7.25,inf	12725	-6.04509655839	-5.62679804813	-0.418298510264
AI	7.25,inf	113730	-3.85483790264	-3.97615380446	0.12131590183
AK	7.25,inf	7441	-6.58165987242	-5.58685784806	-0.994802024352
AL	7.25,inf	167256	-3.46913954803	-3.56370837868	0.0945688306555
AM	7.25,inf	32191	-5.11697821046	-5.22259312634	0.105614915887
AN	7.25,inf	12943	-6.02811001937	-5.56932413155	-0.458785887816
AP	7.25,inf	14853	-5.89046325578	-5.52770762392	-0.362755631865
AQ	7.25,inf	9316	-6.35693176881	-5.68855962204	-0.66837214677
AR	7.25,inf	9800	-6.30628273516	-5.37929157825	-0.926991156907
AS	7.25,inf	32789	-5.09857202754	-4.93391715045	-0.164654877089
AT	7.25,inf	33010	-5.09185457497	-4.89243236978	-0.199422205188
AV	7.25,inf	126486	-3.74853349073	-3.8585394937	0.110006002978
AW	7.25,inf	18130	-5.69109709606	-5.46661976183	-0.224477334235
AY	7.25,inf	35120	-5.02989435206	-4.70759551635	-0.32229883571
CC	7.25,inf	8553	-6.44238302223	-7.35240510701	0.910022084772
CD	7.25,inf	4759	-7.02862755869	-6.6222586902	-0.406368868497
CE	7.25,inf	4069	-7.18526785181	-6.62267651334	-0.562591338469
CF	7.25,inf	22833	-5.46045826288	-5.56746000948	0.107001746604
CG	7.25,inf	13326	-5.99894810669	-6.07005026959	0.0711021628979
CH	7.25,inf	5792	-6.83218746575	-6.86498259835	0.0327951326012
CI	7.25,inf	31480	-5.13931269728	-5.21433835468	0.0750256574006
CK	7.25,inf	2562	-7.64787691736	-6.82504239828	-0.822834519075
CL	7.25,inf	45708	-4.76639178355	-4.8018929289	0.0355011453537
CM	7.25,inf	10454	-6.24168044054	-6.46077767656	0.219097236019
CN	7.25,inf	4836	-7.01257718808	-6.80750868177	-0.205068506306
CP	7.25,inf	5354	-6.91082117573	-6.76589217414	-0.144929001596
CQ	7.25,inf	3274	-7.40265264188	-6.92674417226	-0.475908469625
CR	7.25,inf	3699	-7.28060260798	-6.61747612847	-0.663126479515
CS	7.25,inf	12415	-6.06975970187	-6.17210170067	0.102341998801
CT	7.25,inf	9779	-6.3084278915	-6.13061692	-0.177810971505
CV	7.25,inf	33696	-5.07128598488	-5.09672404392	0.025438059041
CW	7.25,inf	8179	-6.48709522708	-6.70480431205	0.21770908497
CY	7.25,inf	12271	-6.08142636584	-5.94578006657	-0.135646299265
DD	7.25,inf	2772	-7.5690960395	-7.27844716864	-0.290648870864
DE	7.25,inf	3187	-7.4295850854	-6.58569791885	-0.843887166551
DF	7.25,inf	14389	-5.92220109505	-5.53048141498	-0.391719680066
DG	7.25,inf	9164	-6.37338235624	-6.03307167509	-0.340310681149
DH	7.25,inf	5551	-6.87468702912	-6.82800400385	-0.0466830252718
DI	7.25,inf	24360	-5.39572267799	-5.17735976019	-0.218362917805
DK	7.25,inf	2704	-7.59393296265	-6.78806380378	-0.805869158866
DL	7.25,inf	27664	-5.26853319189	-4.7649143344	-0.503618857487
DM	7.25,inf	6704	-6.68596075765	-6.42379908206	-0.262161675589
DN	7.25,inf	3936	-7.21850014164	-6.77053008728	-0.447970054366
DP	7.25,inf	3129	-7.44795165614	-6.72891357964	-0.719038076505
DQ	7.25,inf	2869	-7.53470158383	-6.88976557776	-0.644936006072
DR	7.25,inf	4607	-7.06108823488	-6.58049753397	-0.480590700909
DS	7.25,inf	7724	-6.54433275627	-6.13512310617	-0.409209650091
DT	7.25,inf	8144	-6.49138366102	-6.0936383255	-0.397745335524
DV	7.25,inf	24619	-5.38514661828	-5.05974544942	-0.325401168861
DW	7.25,inf	4482	-7.08859574545	-6.66782571755	-0.420770027902
DY	7.25,inf	10355	-6.25119562598	-5.90880147207	-0.342394153909
EE	7.25,inf	2304	-7.754018378	-7.27928282325	-0.47473555475
EF	7.25,inf	15898	-5.82247180568	-5.53089923813	-0.291572567549
EG	7.25,inf	6544	-6.71011652153	-6.03348949824	-0.676627023292
EH	7.25,inf	6357	-6.73910855288	-6.828421827	0.0893132741219
EI	7.25,inf	21911	-5.50167632701	-5.17777758333	-0.323898743673
EK	7.25,inf	2525	-7.6624240581	-6.78848162693	-0.873942431172
EL	7.25,inf	27817	-5.26301777624	-4.76533215755	-0.497685618689
EM	7.25,inf	6158	-6.77091307133	-6.42421690521	-0.346696166119
EN	7.25,inf	2915	-7.51879530103	-6.77094791042	-0.747847390606
EP	7.25,inf	3206	-7.42364106664	-6.72933140279	-0.694309663857
EQ	7.25,inf	2920	-7.51708150455	-6.89018340091	-0.626898103643
ER	7.25,inf	5176	-6.94463256363	-6.58091535712	-0.363717206517
ES	7.25,inf	6254	-6.7554438618	-6.13554092932	-0.619902932474
ET	7.25,inf	7276	-6.60408386018	-6.09405614865	-0.510027711529
EV	7.25,inf	21814	-5.50611315533	-5.06016327257	-0.445949882754
EW	7.25,inf	4998	-6.97962728842	-6.6682435407	-0.311383747721
EY	7.25,inf	10206	-6.26568933819	-5.90921929522	-0.356470042967
FF	7.25,inf	52168	-4.63419584074	-5.16883684256	0.534641001817
FG	7.25,inf	31430	-5.14090227002	-4.97827299438	-0.162629275644
FH	7.25,inf	15008	-5.88008172857	-5.77320532314	-0.106876405429
FI	7.25,inf	132680	-3.70072490675	-4.12256107947	0.421836172719
FK	7.25,inf	10751	-6.21366634733	-5.73326512307	-0.480401224257
FL	7.25,inf	188914	-3.34737323578	-3.71011565369	0.362742417907
FM	7.25,inf	38800	-4.9302448742	-5.36900040135	0.438755527147
FN	7.25,inf	13857	-5.95987460071	-5.71573140656	-0.244143194153
FP	7.25,inf	15553	-5.84441157477	-5.67411489893	-0.170296675843
FQ	7.25,inf	11880	-6.1138088069	-5.83496689705	-0.27884190985
FR	7.25,inf	14045	-5.94639866028	-5.52569885326	-0.42069980702
FS	7.25,inf	29712	-5.19711411622	-5.08032442546	-0.11678969076
FT	7.25,inf	34181	-5.0569951867	-5.03883964479	-0.0181555419107
FV	7.25,inf	130492	-3.71735319863	-4.00494676871	0.28759357008
FW	7.25,inf	27975	-5.25735386663	-5.61302703684	0.355673170204
FY	7.25,inf	52339	-4.63092332976	-4.85400279136	0.223079461603
GG	7.25,inf	12213	-6.08616416264	-6.17402188659	0.0878577239425
GH	7.25,inf	8617	-6.43492812457	-6.27579558325	-0.159132541328
GI	7.25,inf	49645	-4.68376744035	-4.62515133958	-0.0586161007669
GK	7.25,inf	4273	-7.13634896417	-6.23585538318	-0.900493580991
GL	7.25,inf	65375	-4.40852519845	-4.2127059138	-0.19581928465
GM	7.25,inf	14868	-5.8894538684	-5.87159066146	-0.0178632069401
GN	7.25,inf	8106	-6.49606059263	-6.21832166667	-0.277738925956
GP	7.25,inf	9225	-6.3667479309	-6.17670515903	-0.190042771872
GQ	7.25,inf	5461	-6.89103319766	-6.33755715715	-0.553476040507
GR	7.25,inf	6260	-6.75448493572	-6.02828911336	-0.726195822357
GS	7.25,inf	19884	-5.5987497326	-5.58291468557	-0.0158350470308
GT	7.25,inf	17629	-5.71911984753	-5.54142990489	-0.177689942635
GV	7.25,inf	56187	-4.55997970742	-4.50753702882	-0.0524426785986
GW	7.25,inf	8929	-6.3993607143	-6.11561729694	-0.283743417352
GY	7.25,inf	18656	-5.66249731066	-5.35659305147	-0.305904259195
HH	7.25,inf	4574	-7.06827702523	-7.76390044979	0.695623424555
HI	7.25,inf	19245	-5.6314138341	-5.42008366834	-0.211330165756
HK	7.25,inf	1689	-8.06452848301	-7.03078771194	-1.03374077107
HL	7.25,inf	26664	-5.30535077983	-5.00763824256	-0.297712537269
HM	7.25,inf	6546	-6.70981094475	-6.66652299022	-0.0432879545358
HN	7.25,inf	4163	-7.16242915262	-7.01325399543	-0.149175157189
HP	7.25,inf	4150	-7.16555678659	-6.97163748779	-0.193919298795
HQ	7.25,inf	3265	-7.4054053581	-7.13248948591	-0.272915872189
HR	7.25,inf	3713	-7.27682494564	-6.82322144212	-0.453603503514
HS	7.25,inf	8590	-6.43806638484	-6.37784701433	-0.0602193705068
HT	7.25,inf	7837	-6.52980901276	-6.33636223365	-0.193446779108
HV	7.25,inf	19703	-5.60789421242	-5.30246935758	-0.30542485484
HW	7.25,inf	5337	-6.91400142348	-6.9105496257	-0.00345179777511
HY	7.25,inf	10668	-6.22141651451	-6.15152538023	-0.0698911342827
II	7.25,inf	110335	-3.8851439285	-4.4625914719	0.577447543402
IK	7.25,inf	15937	-5.82002167095	-5.38014346827	-0.439878202682
IL	7.25,inf	288682	-2.92333938457	-3.35699399889	0.433654614326
IM	7.25,inf	49286	-4.69102505577	-5.01587874655	0.324853690779
IN	7.25,inf	19774	-5.60429717736	-5.36260975176	-0.241687425594
IP	7.25,inf	22918	-5.45674249283	-5.32099324413	-0.1357492487
IQ	7.25,inf	15131	-5.87191950136	-5.48184524225	-0.390074259114
IR	7.25,inf	17876	-5.70520608976	-5.17257719846	-0.532628891304
IS	7.25,inf	41975	-4.85159091787	-4.72720277066	-0.124388147206
IT	7.25,inf	49918	-4.67828346168	-4.68571798999	0.00743452831133
IV	7.25,inf	203962	-3.27073141885	-3.65182511391	0.381093695063
IW	7.25,inf	31344	-5.14364225963	-5.25990538204	0.116263122409
IY	7.25,inf	64292	-4.42522991412	-4.50088113656	0.0756512224379
KK	7.25,inf	409	-9.48270524377	-7.68401905682	-1.79868618695
KL	7.25,inf	18873	-5.65093279158	-4.96769804249	-0.683234749086
KM	7.25,inf	4243	-7.14339455461	-6.62658279015	-0.516811764462
KN	7.25,inf	1804	-7.99865869919	-6.97331379536	-1.02534490383
KP	7.25,inf	1681	-8.06927626641	-6.93169728773	-1.13757897868
KQ	7.25,inf	1651	-8.08728395589	-7.09254928585	-0.994734670046
KR	7.25,inf	1189	-8.41555250312	-6.78328124206	-1.63227126107
KS	7.25,inf	3810	-7.25103593169	-6.33790681426	-0.913129117432
KT	7.25,inf	4242	-7.14363026469	-6.29642203359	-0.847208231103
KV	7.25,inf	15697	-5.83519550954	-5.26252915751	-0.572666352028
KW	7.25,inf	3395	-7.36636135982	-6.87060942564	-0.495751934184
KY	7.25,inf	6156	-6.77123790485	-6.11158518016	-0.659652724693
LL	7.25,inf	228048	-3.15910898772	-3.63769897554	0.478589987822
LM	7.25,inf	72508	-4.30496822023	-4.60343332077	0.298465100537
LN	7.25,inf	25424	-5.35297151104	-4.95016432598	-0.402807185056
LP	7.25,inf	32160	-5.11794167652	-4.90854781835	-0.209393858176
LQ	7.25,inf	22315	-5.48340602275	-5.06939981647	-0.414006206284
LR	7.25,inf	24936	-5.37235257837	-4.76013177267	-0.612220805692
LS	7.25,inf	58695	-4.5163105765	-4.31475734488	-0.201553231621
LT	7.25,inf	68821	-4.35715618991	-4.2732725642	-0.0838836257034
LV	7.25,inf	287326	-2.9280476612	-3.23937968813	0.311332026925
LW	7.25,inf	49836	-4.67992750639	-4.84745995626	0.167532449861
LY	7.25,inf	89515	-4.09425891183	-4.08843571078	-0.00582320104786
MM	7.25,inf	8195	-6.48514090864	-6.95548217505	0.47034126641
MN	7.25,inf	6309	-6.74668793544	-6.60904907364	-0.137638861803
MP	7.25,inf	7125	-6.62505539468	-6.567432566	-0.0576228286722
MQ	7.25,inf	4636	-7.05481319535	-6.72828456413	-0.326528631229
MR	7.25,inf	5466	-6.89011803333	-6.41901652033	-0.471101512992
MS	7.25,inf	12696	-6.04737813761	-5.97364209254	-0.0737360450679
MT	7.25,inf	14031	-5.94739595342	-5.93215731186	-0.0152386415555
MV	7.25,inf	50127	-4.67410533575	-4.89826443579	0.224159100037
MW	7.25,inf	10038	-6.2822872296	-6.50634470392	0.224057474317
MY	7.25,inf	18407	-5.67593409378	-5.74732045844	0.071386364659
NN	7.25,inf	2165	-7.81624475938	-7.64895120033	-0.16729355905
NP	7.25,inf	4113	-7.17451243158	-6.91416357122	-0.260348860366
NQ	7.25,inf	3151	-7.44094525806	-7.07501556934	-0.365929688718
NR	7.25,inf	3001	-7.48971955437	-6.76574752555	-0.723972028827
NS	7.25,inf	7824	-6.5314691881	-6.32037309775	-0.211096090347
NT	7.25,inf	7515	-6.57176409763	-6.27888831708	-0.29287578055
NV	7.25,inf	19213	-5.63307798758	-5.244995441	-0.388082546581
NW	7.25,inf	4728	-7.03516284073	-6.85307570913	-0.1820871316
NY	7.25,inf	8860	-6.40711835621	-6.09405146365	-0.313066892562
PP	7.25,inf	2360	-7.73000350179	-7.56571720915	-0.16428629264
PQ	7.25,inf	2560	-7.64865786234	-7.0333990617	-0.615258800638
PR	7.25,inf	2783	-7.56513563829	-6.72413101791	-0.841004620377
PS	7.25,inf	7166	-6.61931750195	-6.27875659012	-0.340560911832
PT	7.25,inf	8332	-6.46856159743	-6.23727180944	-0.231289787992
PV	7.25,inf	25450	-5.35194937784	-5.20337893337	-0.14857044447
PW	7.25,inf	4968	-6.9856477762	-6.81145920149	-0.174188574708
PY	7.25,inf	10324	-6.25419383898	-6.05243495602	-0.201758882958
QQ	7.25,inf	1436	-8.22680365021	-7.8874252131	-0.339378437105
QR	7.25,inf	2478	-7.68121333762	-6.88498301603	-0.796230321593
QS	7.25,inf	4948	-6.9896816663	-6.43960858824	-0.550073078064
QT	7.25,inf	5470	-6.8893865044	-6.39812380756	-0.491262696836
QV	7.25,inf	16324	-5.79602870329	-5.36423093149	-0.431797771802
QW	7.25,inf	4605	-7.06152245112	-6.97231119961	-0.089211251511
QY	7.25,inf	7804	-6.53402869807	-6.21328695414	-0.320741743933
RR	7.25,inf	1593	-8.1230460899	-7.26888195027	-0.854164139632
RS	7.25,inf	5882	-6.8167682807	-6.13034054445	-0.686427736254
RT	7.25,inf	6025	-6.79274764145	-6.08885576377	-0.703891877685
RV	7.25,inf	19192	-5.63417159529	-5.05496288769	-0.5792087076
RW	7.25,inf	4699	-7.04131540071	-6.66304315582	-0.378272244889
RY	7.25,inf	9505	-6.33684714489	-5.90401891035	-0.432828234545
SS	7.25,inf	8222	-6.48185163236	-6.37812597912	-0.103725653238
ST	7.25,inf	15192	-5.86789614732	-5.64348133598	-0.224414811345
SV	7.25,inf	43911	-4.80650026266	-4.6095884599	-0.196911802761
SW	7.25,inf	8786	-6.41550557528	-6.21766872803	-0.197836847251
SY	7.25,inf	17060	-5.75192857877	-5.45864448255	-0.293284096216
TT	7.25,inf	8282	-6.47458063571	-6.29515590242	-0.179424733287
TV	7.25,inf	53533	-4.60836683466	-4.56810367922	-0.0402631554315
TW	7.25,inf	9606	-6.32627721759	-6.17618394735	-0.150093270237
TY	7.25,inf	17810	-5.70890502353	-5.41715970188	-0.291745321653
VV	7.25,inf	118028	-3.81774323638	-4.22736231036	0.409619073984
VW	7.25,inf	32997	-5.09224847259	-5.14229107128	0.0500425986878
VY	7.25,inf	64010	-4.42962579968	-4.3832668258	-0.046358973877
WW	7.25,inf	4551	-7.0733181318	-7.44354012407	0.370221992271
WY	7.25,inf	15657	-5.8377470195	-5.99134709393	0.153600074426
YY	7.25,inf	13296	-6.00120188272	-5.92548014233	-0.0757217403865
